1 0.340625 0.2328125 0.012109375 0.040625
2 0.5953125 0.2421875 0.016015625 0.0439453125
1 0.62734375 0.34609375 0.0109375 0.0638671875
2 0.74140625 0.2984375 0.0107421875 0.0470703125
2 0.7203125 0.321875 0.0095703125 0.0564453125
2 0.55703125 0.3390625 0.0109375 0.0533203125
2 0.48515625 0.4875 0.0201171875 0.075390625
2 0.40859375 0.3265625 0.01875 0.053515625
2 0.62734375 0.40703125 0.0125 0.065625
2 0.8171875 0.39140625 0.0158203125 0.065625
2 0.50859375 0.39765625 0.0138671875 0.065625
2 0.47578125 0.5546875 0.0171875 0.0845703125
2 0.4546875 0.43359375 0.0154296875 0.0732421875
2 0.78125 0.35078125 0.0126953125 0.0609375
2 0.9171875 0.7109375 0.0189453125 0.084765625
2 0.89921875 0.675 0.0171875 0.0814453125
2 0.52421875 0.74296875 0.0203125 0.0875
2 0.9140625 0.51640625 0.016015625 0.0796875
2 0.2921875 0.44453125 0.0158203125 0.0701171875
2 0.4890625 0.7140625 0.016015625 0.097265625
2 0.6921875 0.51171875 0.016015625 0.071875
2 0.8453125 0.409375 0.015234375 0.0689453125
3 0.42421875 0.34921875 0.00625 0.015625