2 0.43125 0.24296875 0.0126953125 0.0482421875
2 0.42890625 0.26328125 0.0171875 0.04375
2 0.5578125 0.25390625 0.0095703125 0.0423828125
1 0.75390625 0.2140625 0.0107421875 0.040625
2 0.56875 0.246875 0.012890625 0.046875
2 0.290625 0.36328125 0.009375 0.053125
2 0.76328125 0.253125 0.009375 0.0470703125
2 0.4828125 0.26171875 0.0123046875 0.0486328125
2 0.28203125 0.2890625 0.0140625 0.052734375
2 0.54921875 0.31484375 0.015625 0.0544921875
2 0.56796875 0.30703125 0.0140625 0.053125
2 0.31953125 0.29609375 0.0173828125 0.0517578125
2 0.390625 0.378125 0.018359375 0.0591796875
2 0.2078125 0.3328125 0.01875 0.0564453125
2 0.73359375 0.29765625 0.0201171875 0.05
2 0.1671875 0.34453125 0.0125 0.05625
1 0.3734375 0.31953125 0.016015625 0.053125
2 0.20703125 0.4 0.0201171875 0.0625
2 0.8203125 0.37265625 0.015625 0.0576171875
2 0.16015625 0.546875 0.0169921875 0.06875
2 0.69453125 0.525 0.0173828125 0.0751953125
2 0.1859375 0.628125 0.021875 0.080859375
3 0.6390625 0.27109375 0.0064453125 0.0080078125