1 0.2171875 0.284375 0.0095703125 0.034375
3 0.42421875 0.75390625 0.0078125 0.0138671875
2 0.38203125 0.703125 0.0330078125 0.065625
2 0.059375 0.7359375 0.025390625 0.084375
2 0.590625 0.41328125 0.012109375 0.0576171875
2 0.4484375 0.41953125 0.0125 0.0576171875
2 0.221875 0.6921875 0.015625 0.08125
2 0.31015625 0.76171875 0.01875 0.0732421875
2 0.6421875 0.40625 0.0158203125 0.05625
2 0.1609375 0.5421875 0.0126953125 0.066015625
1 0.2546875 0.5234375 0.015625 0.0685546875
2 0.29140625 0.75 0.025 0.087890625
2 0.24296875 0.4046875 0.0173828125 0.05625
2 0.6296875 0.596875 0.0189453125 0.068359375
2 0.1125 0.67890625 0.021875 0.0830078125
2 0.24453125 0.70703125 0.0267578125 0.078125
2 0.20859375 0.740625 0.01875 0.075
2 0.503125 0.5296875 0.015625 0.065234375
2 0.7203125 0.453125 0.016015625 0.062890625
2 0.91796875 0.67109375 0.0171875 0.0861328125
2 0.3171875 0.57890625 0.016015625 0.075
2 0.51015625 0.7 0.0201171875 0.075
2 0.4 0.30390625 0.012109375 0.0486328125