2 0.3546875 0.1484375 0.0154296875 0.0533203125
2 0.35234375 0.17109375 0.0201171875 0.0486328125
2 0.49765625 0.1609375 0.0111328125 0.047265625
1 0.7203125 0.115625 0.0123046875 0.0466796875
2 0.51015625 0.15234375 0.015625 0.053125
2 0.1953125 0.284375 0.009765625 0.0595703125
2 0.73125 0.159375 0.012109375 0.0533203125
2 0.41328125 0.16953125 0.0138671875 0.05625
2 0.1859375 0.20078125 0.015625 0.0578125
2 0.48828125 0.2296875 0.0171875 0.0623046875
2 0.51015625 0.22109375 0.0169921875 0.0607421875
2 0.228125 0.20859375 0.019140625 0.059375
2 0.309375 0.3015625 0.0189453125 0.066015625
2 0.1015625 0.25 0.0216796875 0.0654296875
2 0.69765625 0.2109375 0.0232421875 0.0564453125
2 0.05546875 0.26328125 0.0142578125 0.0638671875
1 0.28984375 0.23515625 0.0201171875 0.0607421875
2 0.10078125 0.3265625 0.021875 0.0716796875
2 0.79609375 0.2953125 0.0171875 0.0654296875
2 0.04765625 0.4921875 0.01875 0.0779296875
2 0.653125 0.46796875 0.019140625 0.0859375
2 0.0765625 0.58515625 0.025 0.090625
3 0.58984375 0.18046875 0.0078125 0.009375