1 0.28671875 0.00859375 0.015625 0.0171875
2 0.74921875 0.10546875 0.0111328125 0.0580078125
2 0.52265625 0.04296875 0.0142578125 0.0513671875
1 0.56953125 0.1359375 0.0142578125 0.066015625
2 0.5640625 0.19765625 0.021484375 0.0701171875
2 0.734375 0.1359375 0.012890625 0.0685546875
2 0.31328125 0.11953125 0.0169921875 0.0638671875
2 0.76015625 0.19765625 0.0142578125 0.0765625
2 0.5203125 0.234375 0.015625 0.08125
2 0.796875 0.20078125 0.018359375 0.0763671875
2 0.6203125 0.278125 0.015625 0.0783203125
2 0.83671875 0.253125 0.0140625 0.0845703125
2 0.39921875 0.28046875 0.0201171875 0.0794921875
2 0.9171875 0.39296875 0.0189453125 0.0921875
2 0.3296875 0.61171875 0.0216796875 0.1
2 0.2046875 0.2796875 0.016015625 0.0810546875
2 0.42265625 0.4265625 0.0201171875 0.09375
2 0.9296875 0.5265625 0.0216796875 0.091015625
2 0.3203125 0.37109375 0.0220703125 0.0875
2 0.5171875 0.62109375 0.03125 0.1138671875
2 0.61875 0.38671875 0.019140625 0.0921875
2 0.775 0.5703125 0.025390625 0.1029296875