1 0.2875 0.17578125 0.006640625 0.0298828125
2 0.4234375 0.2296875 0.015234375 0.040625
1 0.48671875 0.275 0.0107421875 0.040625
2 0.65234375 0.32265625 0.0109375 0.04375
0 0.99453125 0.31015625 0.0107421875 0.0482421875
2 0.65625 0.43359375 0.012109375 0.0513671875
2 0.6796875 0.328125 0.0123046875 0.0470703125
2 0.65859375 0.26640625 0.0111328125 0.0357421875
2 0.51015625 0.2984375 0.0109375 0.041015625
2 0.696875 0.28828125 0.012109375 0.040625
2 0.63046875 0.30234375 0.0107421875 0.0421875
2 0.53984375 0.2671875 0.0080078125 0.0404296875
2 0.49140625 0.35546875 0.015625 0.0482421875
2 0.72265625 0.55859375 0.015625 0.0642578125
2 0.91640625 0.59296875 0.015625 0.0609375
2 0.64296875 0.36953125 0.0107421875 0.0455078125
2 0.41640625 0.5703125 0.0140625 0.0654296875
2 0.38984375 0.4578125 0.015625 0.047265625
2 0.753125 0.390625 0.015625 0.055859375
0 0.0703125 0.3859375 0.0095703125 0.05
2 0.19375 0.325 0.012109375 0.0435546875
1 0.9015625 0.61953125 0.0185546875 0.0673828125
2 0.8359375 0.51796875 0.015234375 0.0482421875
2 0.4171875 0.41015625 0.0126953125 0.0548828125
2 0.65546875 0.2421875 0.0111328125 0.0435546875
3 0.30234375 0.54296875 0.0080078125 0.015625