1 0.3734375 0.48828125 0.0220703125 0.0642578125
2 0.41484375 0.27734375 0.015625 0.0419921875
2 0.246875 0.37265625 0.0158203125 0.0611328125
2 0.38203125 0.55625 0.0140625 0.0748046875
2 0.45703125 0.41640625 0.0140625 0.0611328125
2 0.69921875 0.3890625 0.0173828125 0.0564453125
2 0.71796875 0.81484375 0.0236328125 0.0982421875
2 0.65078125 0.40234375 0.01875 0.065625
2 0.615625 0.81484375 0.0279296875 0.0951171875
2 0.42890625 0.6828125 0.0234375 0.0873046875
2 0.8328125 0.4984375 0.022265625 0.078125
2 0.21953125 0.51328125 0.01875 0.0732421875
2 0.746875 0.82265625 0.043359375 0.08125
2 0.4078125 0.8203125 0.028515625 0.0908203125
2 0.93046875 0.67734375 0.0265625 0.078125
2 0.7984375 0.615625 0.0185546875 0.0810546875
2 0.50859375 0.6984375 0.0267578125 0.0904296875
2 0.2171875 0.690625 0.027734375 0.093359375
2 0.2625 0.68671875 0.025 0.0890625
2 0.178125 0.73203125 0.024609375 0.0892578125
2 0.66796875 0.57421875 0.0173828125 0.0732421875
3 0.715625 0.84140625 0.0091796875 0.0173828125
1 0.253125 0.24140625 0.0095703125 0.0482421875