1 0.246875 0.1671875 0.012109375 0.040625
2 0.50546875 0.17734375 0.0173828125 0.0453125
1 0.5375 0.28203125 0.012109375 0.0640625
2 0.653125 0.234375 0.012109375 0.049609375
2 0.63203125 0.2578125 0.0109375 0.058984375
2 0.46640625 0.275 0.0109375 0.055859375
2 0.39296875 0.42578125 0.0203125 0.0767578125
2 0.315625 0.26171875 0.01875 0.0548828125
2 0.5375 0.34375 0.0126953125 0.0658203125
2 0.7296875 0.328125 0.0158203125 0.0658203125
2 0.4171875 0.334375 0.0126953125 0.0658203125
2 0.384375 0.49375 0.018359375 0.087109375
2 0.3625 0.37109375 0.0154296875 0.0734375
2 0.69296875 0.2875 0.0138671875 0.0623046875
2 0.83125 0.6515625 0.0189453125 0.0875
2 0.8125 0.61484375 0.0185546875 0.0828125
2 0.4328125 0.68359375 0.021484375 0.0888671875
2 0.828125 0.4546875 0.0185546875 0.08125
2 0.1984375 0.38203125 0.0158203125 0.0703125
2 0.39765625 0.6546875 0.0171875 0.1
2 0.603125 0.45 0.0185546875 0.0720703125
2 0.75859375 0.34609375 0.0140625 0.0703125
3 0.33203125 0.2859375 0.00625 0.015625