1 0.3578125 0.1109375 0.015234375 0.041015625
2 0.77265625 0.21171875 0.0107421875 0.0517578125
2 0.56953125 0.1546875 0.0138671875 0.0466796875
1 0.61171875 0.23828125 0.0138671875 0.0607421875
2 0.60703125 0.29453125 0.01875 0.0625
2 0.76015625 0.2390625 0.0125 0.059765625
2 0.38125 0.2234375 0.0154296875 0.0564453125
2 0.7828125 0.29453125 0.0126953125 0.06875
2 0.5671875 0.32734375 0.015234375 0.0734375
2 0.81640625 0.296875 0.015625 0.0685546875
2 0.65703125 0.36640625 0.0140625 0.0705078125
2 0.8515625 0.34375 0.0126953125 0.075390625
2 0.45859375 0.36875 0.0171875 0.0716796875
2 0.9234375 0.46953125 0.0185546875 0.0828125
2 0.39609375 0.665625 0.01875 0.0904296875
2 0.284375 0.36796875 0.015625 0.071875
2 0.4796875 0.49921875 0.016015625 0.084375
2 0.93515625 0.58984375 0.01875 0.0828125
2 0.38828125 0.45 0.0203125 0.0783203125
2 0.56484375 0.67421875 0.028125 0.1015625
2 0.65625 0.4640625 0.01875 0.083984375
2 0.79609375 0.62890625 0.0236328125 0.0919921875