3 0.20859375 0.49296875 0.015625 0.0142578125
2 0.9359375 0.14375 0.0158203125 0.05625
2 0.7046875 0.0890625 0.0216796875 0.0626953125
1 0.97734375 0.07578125 0.0171875 0.05625
2 0.47109375 0.0828125 0.0140625 0.0560546875
2 0.51796875 0.10703125 0.0111328125 0.0578125
2 0.384375 0.1484375 0.01875 0.06875
1 0.52265625 0.20390625 0.015625 0.0669921875
2 0.35390625 0.4765625 0.0232421875 0.083984375
2 0.51171875 0.23515625 0.01875 0.075
2 0.240625 0.2625 0.0158203125 0.08125
2 0.75234375 0.2703125 0.01875 0.077734375
2 0.84375 0.1953125 0.01875 0.075
2 0.69765625 0.20703125 0.0203125 0.0765625
2 0.996875 0.303125 0.00625 0.08125
2 0.4046875 0.34453125 0.0251953125 0.0857421875
2 0.81796875 0.55078125 0.0232421875 0.10625
2 0.61171875 0.265625 0.0201171875 0.075
2 0.2640625 0.30390625 0.01875 0.0861328125
2 0.13125 0.51953125 0.025 0.0923828125
2 0.73046875 0.39765625 0.0205078125 0.09375
2 0.18984375 0.3234375 0.025 0.0876953125
2 0.09375 0.5484375 0.0435546875 0.084765625