1 0.7203125 0.1703125 0.009765625 0.034765625
2 0.44375 0.21015625 0.012109375 0.04375
2 0.66484375 0.23046875 0.0111328125 0.0455078125
2 0.6484375 0.2921875 0.009765625 0.0560546875
3 0.34453125 0.63203125 0.0078125 0.0142578125
2 0.37265625 0.26015625 0.0171875 0.0544921875
2 0.31796875 0.615625 0.0236328125 0.087109375
2 0.64921875 0.38125 0.0138671875 0.050390625
2 0.4359375 0.2984375 0.0125 0.0564453125
2 0.5640625 0.27578125 0.0125 0.0548828125
2 0.72265625 0.53515625 0.0201171875 0.0796875
2 0.75234375 0.290625 0.0125 0.062109375
2 0.6171875 0.34921875 0.015234375 0.0611328125
2 0.7734375 0.2953125 0.0126953125 0.053125
1 0.64921875 0.4328125 0.0142578125 0.0720703125
2 0.3546875 0.29765625 0.0126953125 0.0609375
2 0.80078125 0.35078125 0.0138671875 0.0669921875
2 0.3890625 0.36875 0.0126953125 0.06875
2 0.76953125 0.665625 0.0267578125 0.090625
2 0.4234375 0.5640625 0.0248046875 0.0751953125
2 0.17265625 0.3140625 0.0142578125 0.058984375
2 0.58515625 0.80390625 0.0388671875 0.103125
2 0.78046875 0.46796875 0.0142578125 0.0734375