2 0.859375 0.2796875 0.0189453125 0.0595703125
1 0.73046875 0.315625 0.0203125 0.0689453125
2 0.87421875 0.30390625 0.021875 0.0671875
2 0.83046875 0.26875 0.015625 0.0654296875
2 0.7671875 0.31796875 0.0189453125 0.065625
2 0.9140625 0.28984375 0.01875 0.0701171875
2 0.82734375 0.375 0.0173828125 0.0689453125
2 0.89296875 0.3640625 0.0169921875 0.0748046875
2 0.99375 0.328125 0.0125 0.075
2 0.45078125 0.22890625 0.015625 0.0625
2 0.67734375 0.36484375 0.0173828125 0.075
2 0.08671875 0.3953125 0.0169921875 0.078515625
2 0.065625 0.3109375 0.015625 0.071875
2 0.18828125 0.25078125 0.0201171875 0.0638671875
2 0.375 0.475 0.025390625 0.090625
2 0.1453125 0.2859375 0.016015625 0.065625
2 0.1078125 0.38203125 0.0220703125 0.0796875
2 0.85546875 0.26015625 0.01875 0.0548828125
2 0.8828125 0.28359375 0.022265625 0.0578125