2 0.325 0.1578125 0.0154296875 0.066015625
1 0.77890625 0.1375 0.0171875 0.0564453125
2 0.51484375 0.1890625 0.01875 0.0564453125
1 0.57734375 0.471875 0.0171875 0.094140625
2 0.61953125 0.24921875 0.015625 0.0705078125
2 0.390625 0.2390625 0.021875 0.0689453125
2 0.8046875 0.3015625 0.016015625 0.0841796875
2 0.26953125 0.26328125 0.0169921875 0.0736328125
2 0.72109375 0.24453125 0.0205078125 0.078125
2 0.21484375 0.2484375 0.021875 0.0841796875
2 0.86875 0.2796875 0.021875 0.078125
2 0.4078125 0.24921875 0.015625 0.0736328125
2 0.7859375 0.3453125 0.01875 0.0814453125
2 0.2234375 0.33046875 0.0189453125 0.0765625
2 0.6 0.32265625 0.0158203125 0.0830078125
2 0.86015625 0.3875 0.0232421875 0.0845703125
2 0.9578125 0.64140625 0.0251953125 0.10625
2 0.85078125 0.50546875 0.0201171875 0.1013671875
2 0.13046875 0.61015625 0.025 0.103125
2 0.95234375 0.9265625 0.0357421875 0.1376953125
2 0.5734375 0.43984375 0.015234375 0.0671875