1 0.190625 0.1796875 0.018359375 0.046484375
2 0.584375 0.22421875 0.0154296875 0.0515625
2 0.59453125 0.2296875 0.0205078125 0.0501953125
2 0.42265625 0.20546875 0.0201171875 0.0482421875
1 0.61328125 0.2875 0.0140625 0.0595703125
2 0.3890625 0.20234375 0.0154296875 0.0578125
2 0.18046875 0.2234375 0.009375 0.058984375
2 0.66796875 0.29453125 0.0171875 0.0638671875
2 0.49765625 0.240625 0.0140625 0.05625
2 0.95625 0.43125 0.018359375 0.069140625
2 0.82421875 0.29765625 0.0140625 0.0642578125
2 0.88125 0.3796875 0.0125 0.0779296875
2 0.42265625 0.3078125 0.0171875 0.0685546875
2 0.4609375 0.31484375 0.0154296875 0.0642578125
2 0.8 0.3484375 0.0158203125 0.06875
2 0.97265625 0.53046875 0.0267578125 0.084375
2 0.6171875 0.3859375 0.0189453125 0.06875
2 0.25546875 0.3328125 0.0171875 0.0685546875
2 0.70546875 0.68671875 0.025 0.0923828125
2 0.0890625 0.35 0.0126953125 0.069140625
2 0.184375 0.5421875 0.024609375 0.090625
3 0.3859375 0.22890625 0.003515625 0.009375
2 0.67421875 0.29296875 0.0171875 0.0544921875