1 0.1984375 0.23046875 0.009375 0.0375
2 0.39453125 0.2875 0.0125 0.0560546875
2 0.6140625 0.33984375 0.0154296875 0.0513671875
1 0.4625 0.37421875 0.0126953125 0.0638671875
2 0.640625 0.34375 0.0154296875 0.062109375
2 0.534375 0.4375 0.0123046875 0.065625
2 0.21640625 0.81171875 0.0294921875 0.0861328125
2 0.6890625 0.40625 0.015234375 0.0685546875
2 0.509375 0.428125 0.0189453125 0.068359375
2 0.32734375 0.46875 0.01875 0.071875
2 0.7359375 0.46953125 0.0158203125 0.0763671875
2 0.6734375 0.4140625 0.015625 0.0685546875
1 0.98828125 0.8796875 0.0232421875 0.1033203125
2 0.57734375 0.83515625 0.028125 0.1048828125
2 0.13203125 0.4015625 0.0140625 0.0685546875
2 0.30546875 0.60234375 0.015625 0.0861328125
2 0.2609375 0.4953125 0.016015625 0.071484375
2 0.55859375 0.6390625 0.0232421875 0.0875
2 0.5828125 0.46875 0.0158203125 0.071875
2 0.86328125 0.74609375 0.0203125 0.0890625
2 0.8265625 0.5875 0.021484375 0.0814453125
2 0.371875 0.70625 0.0220703125 0.0935546875
2 0.7578125 0.78984375 0.028515625 0.0953125
3 0.20625 0.84140625 0.0091796875 0.0169921875