1 0.7328125 0.30546875 0.0064453125 0.0267578125
2 0.609375 0.3546875 0.0125 0.0373046875
1 0.55234375 0.3953125 0.009375 0.0373046875
2 0.40234375 0.4390625 0.0107421875 0.0404296875
0 0.09140625 0.42734375 0.0138671875 0.0423828125
2 0.39921875 0.5390625 0.0107421875 0.0466796875
2 0.37734375 0.44375 0.0109375 0.0435546875
2 0.396875 0.3875 0.012109375 0.0314453125
2 0.53046875 0.41640625 0.0107421875 0.0388671875
2 0.3625 0.4078125 0.0095703125 0.0373046875
2 0.42265625 0.4203125 0.009375 0.0376953125
2 0.50390625 0.3890625 0.0078125 0.034765625
2 0.54765625 0.46796875 0.0140625 0.0423828125
2 0.3390625 0.65234375 0.015234375 0.0580078125
2 0.1640625 0.68359375 0.015234375 0.0548828125
2 0.41171875 0.48125 0.009375 0.043359375
2 0.615625 0.66328125 0.0125 0.0580078125
2 0.63984375 0.5609375 0.0140625 0.04375
2 0.3109375 0.5 0.015234375 0.0498046875
0 0.928125 0.49609375 0.009375 0.0453125
2 0.81640625 0.440625 0.0107421875 0.037890625
1 0.17734375 0.7078125 0.0169921875 0.0623046875
2 0.23671875 0.615625 0.0125 0.0435546875
2 0.61484375 0.51796875 0.0111328125 0.05
2 0.39921875 0.365625 0.0107421875 0.037890625
3 0.71875 0.63828125 0.006640625 0.0140625