1 0.6203125 0.23671875 0.009765625 0.0328125
3 0.90078125 0.50703125 0.00625 0.0107421875
2 0.50859375 0.38828125 0.01875 0.0455078125
2 0.83125 0.4203125 0.01875 0.05625
2 0.1375 0.45625 0.012890625 0.062109375
2 0.85390625 0.471875 0.025 0.055859375
2 0.7015625 0.40703125 0.0185546875 0.0513671875
2 0.16171875 0.63828125 0.0169921875 0.0765625
2 0.4546875 0.31484375 0.0158203125 0.0375
2 0.6859375 0.3453125 0.01875 0.0404296875
2 0.2671875 0.409375 0.0154296875 0.05625
2 0.4640625 0.44296875 0.0189453125 0.0548828125
2 0.36953125 0.3515625 0.0173828125 0.0470703125
2 0.81796875 0.47265625 0.025 0.059375
2 0.52890625 0.45 0.0169921875 0.0529296875
1 0.646875 0.4875 0.025 0.0564453125
2 0.32109375 0.46328125 0.0138671875 0.0580078125
2 0.45234375 0.51796875 0.01875 0.059375
2 0.3453125 0.6109375 0.021875 0.0654296875
2 0.29375 0.49296875 0.0185546875 0.0625
2 0.825 0.5546875 0.018359375 0.0685546875
2 0.84453125 0.57265625 0.021875 0.0671875
2 0.33984375 0.53671875 0.0234375 0.0580078125