2 0.478125 0.18203125 0.012890625 0.0330078125
1 0.8140625 0.17109375 0.0095703125 0.0517578125
2 0.3234375 0.19765625 0.0216796875 0.0576171875
2 0.3390625 0.19375 0.0158203125 0.050390625
2 0.53046875 0.234375 0.0138671875 0.059375
1 0.46328125 0.275 0.0201171875 0.062890625
2 0.79453125 0.2375 0.015625 0.062890625
2 0.43359375 0.27734375 0.0169921875 0.0609375
2 0.67109375 0.61875 0.0201171875 0.0998046875
2 0.646875 0.271875 0.0154296875 0.0685546875
2 0.846875 0.35859375 0.0185546875 0.075
2 0.68359375 0.34375 0.0142578125 0.0748046875
2 0.57734375 0.3671875 0.0173828125 0.0720703125
2 0.2125 0.3359375 0.0185546875 0.075
2 0.65390625 0.47421875 0.0142578125 0.0826171875
2 0.1953125 0.29921875 0.0154296875 0.075
2 0.38359375 0.384375 0.021875 0.0751953125
2 0.1640625 0.40703125 0.021484375 0.078125
2 0.1078125 0.6875 0.0220703125 0.099609375
2 0.4515625 0.65078125 0.0251953125 0.0919921875
2 0.08828125 0.578125 0.0201171875 0.087890625
3 0.528125 0.19140625 0.0060546875 0.0109375
2 0.52890625 0.171875 0.0142578125 0.050390625