2 0.7625 0.21015625 0.0251953125 0.0548828125
1 0.76484375 0.11953125 0.01875 0.0423828125
2 0.428125 0.12109375 0.0123046875 0.0482421875
2 0.4765625 0.16171875 0.0095703125 0.0421875
2 0.771875 0.221875 0.01875 0.062109375
2 0.38203125 0.16328125 0.015625 0.0513671875
2 0.56171875 0.14375 0.0109375 0.044140625
2 0.47734375 0.2 0.0171875 0.05625
2 0.65 0.31875 0.030859375 0.065625
2 0.615625 0.2234375 0.0154296875 0.05625
1 0.56171875 0.3546875 0.0111328125 0.071484375
2 0.64609375 0.1796875 0.0111328125 0.053125
2 0.44453125 0.20234375 0.0125 0.0580078125
2 0.8296875 0.3359375 0.0185546875 0.066015625
2 0.25859375 0.21640625 0.0125 0.059375
2 0.73671875 0.3171875 0.0142578125 0.0685546875
2 0.734375 0.18125 0.0220703125 0.0560546875
2 0.3578125 0.26875 0.0126953125 0.065625
2 0.8625 0.48046875 0.0216796875 0.078125
2 0.80859375 0.37734375 0.0201171875 0.0763671875
2 0.875 0.671875 0.025 0.105859375
2 0.184375 0.48203125 0.021875 0.0892578125
3 0.38671875 0.18125 0.00625 0.0126953125