2 0.60703125 0.2453125 0.0142578125 0.05
3 0.28359375 0.3703125 0.0076171875 0.0126953125
1 0.1984375 0.21875 0.015625 0.050390625
1 0.5140625 0.3234375 0.015625 0.0626953125
2 0.66875 0.45078125 0.0154296875 0.071875
2 0.6375 0.3375 0.0158203125 0.0658203125
2 0.5765625 0.33984375 0.0126953125 0.065625
2 0.31484375 0.43125 0.015625 0.071875
2 0.6421875 0.4265625 0.0158203125 0.058984375
2 0.8609375 0.40859375 0.01875 0.0767578125
2 0.26171875 0.29375 0.0140625 0.0564453125
2 0.53359375 0.4125 0.0111328125 0.0689453125
2 0.7484375 0.2890625 0.015234375 0.0564453125
2 0.6921875 0.41875 0.015625 0.0716796875
2 0.81640625 0.3484375 0.0142578125 0.06875
2 0.0671875 0.4328125 0.0154296875 0.075
2 0.43125 0.45546875 0.021875 0.075
2 0.16875 0.66171875 0.021875 0.1013671875
2 0.89375 0.50546875 0.018359375 0.0892578125
2 0.40703125 0.40703125 0.0236328125 0.071875
2 0.63046875 0.5390625 0.0203125 0.084375
2 0.959375 0.71328125 0.0251953125 0.0953125
2 0.59375 0.7984375 0.0220703125 0.1033203125