3 0.59609375 0.6625 0.009375 0.018359375
1 0.3921875 0.17890625 0.0095703125 0.04375
2 0.7265625 0.30234375 0.01875 0.0576171875
2 0.62734375 0.25625 0.0111328125 0.05
2 0.3875 0.36953125 0.0189453125 0.0515625
2 0.69765625 0.409375 0.0142578125 0.0716796875
2 0.36328125 0.2796875 0.0140625 0.052734375
2 0.58515625 0.63828125 0.0265625 0.0919921875
2 0.7 0.47421875 0.0158203125 0.078125
2 0.33203125 0.3640625 0.0142578125 0.0685546875
2 0.46875 0.7796875 0.025390625 0.0908203125
2 0.478125 0.3421875 0.018359375 0.0654296875
2 0.43046875 0.8015625 0.0267578125 0.1
2 0.49609375 0.646875 0.021875 0.096875
2 0.74609375 0.36640625 0.0140625 0.0703125
2 0.31015625 0.37265625 0.0169921875 0.0701171875
2 0.9765625 0.40234375 0.0158203125 0.0701171875
1 0.4078125 0.4890625 0.0185546875 0.078515625
2 0.5546875 0.43984375 0.0185546875 0.075
2 0.44765625 0.5171875 0.0236328125 0.077734375
2 0.925 0.709375 0.0251953125 0.105859375
2 0.27890625 0.45546875 0.0296875 0.0798828125
2 0.6921875 0.68671875 0.0220703125 0.0923828125