2 0.73671875 0.28984375 0.0263671875 0.0546875
1 0.73828125 0.20078125 0.0173828125 0.0423828125
2 0.40625 0.20234375 0.0123046875 0.046875
2 0.45390625 0.24296875 0.009375 0.0419921875
2 0.74609375 0.3015625 0.01875 0.0595703125
2 0.36015625 0.24375 0.015625 0.05
2 0.53828125 0.225 0.0109375 0.0439453125
2 0.4546875 0.28046875 0.016015625 0.05625
2 0.62578125 0.3984375 0.0294921875 0.0654296875
2 0.59140625 0.30390625 0.0140625 0.05625
1 0.5375 0.43359375 0.0123046875 0.0701171875
2 0.62109375 0.2609375 0.0111328125 0.053125
2 0.42265625 0.2828125 0.0111328125 0.058984375
2 0.803125 0.41484375 0.0185546875 0.0669921875
2 0.23828125 0.29609375 0.0125 0.059375
2 0.7109375 0.39609375 0.0154296875 0.0671875
2 0.70859375 0.26171875 0.0232421875 0.0546875
2 0.33671875 0.3484375 0.0138671875 0.0654296875
2 0.83515625 0.5578125 0.0203125 0.0779296875
2 0.78203125 0.45625 0.0201171875 0.075
2 0.8484375 0.74765625 0.0248046875 0.1044921875
2 0.16484375 0.559375 0.021875 0.0876953125
3 0.365625 0.2625 0.00625 0.0126953125