3 0.33046875 0.2890625 0.00625 0.0123046875
2 0.53359375 0.20234375 0.0080078125 0.0421875
1 0.79375 0.19765625 0.009375 0.0453125
2 0.7046875 0.24609375 0.009765625 0.0482421875
2 0.603125 0.2984375 0.0126953125 0.053125
2 0.64296875 0.359375 0.0138671875 0.0654296875
2 0.28125 0.30078125 0.0095703125 0.059375
2 0.34453125 0.23125 0.01875 0.0498046875
2 0.55390625 0.2828125 0.0138671875 0.058984375
2 0.7640625 0.3015625 0.0158203125 0.0626953125
2 0.82265625 0.37109375 0.015625 0.065625
2 0.3609375 0.31015625 0.0154296875 0.059375
1 0.52890625 0.43828125 0.0138671875 0.071875
2 0.76953125 0.81171875 0.0328125 0.109375
2 0.62421875 0.46015625 0.0169921875 0.0736328125
2 0.83203125 0.34921875 0.0138671875 0.0607421875
2 0.37578125 0.378125 0.0142578125 0.0654296875
2 0.8546875 0.4703125 0.022265625 0.078125
2 0.41015625 0.3296875 0.0138671875 0.058984375
2 0.57578125 0.4640625 0.0201171875 0.071875
2 0.8375 0.490625 0.01875 0.08125
2 0.1265625 0.58828125 0.0279296875 0.0859375
2 0.86328125 0.59765625 0.0267578125 0.0828125