1 0.89296875 0.340625 0.0138671875 0.0435546875
3 0.63203125 0.93125 0.009375 0.0158203125
2 0.6859375 0.8671875 0.041015625 0.083984375
2 0.4234375 0.503125 0.015234375 0.071875
2 0.6015625 0.5109375 0.015625 0.071875
2 0.88671875 0.85390625 0.0201171875 0.1017578125
2 0.77578125 0.940625 0.0234375 0.0908203125
2 0.35859375 0.49375 0.0205078125 0.069140625
2 0.96328125 0.66484375 0.0169921875 0.084375
1 0.8453125 0.640625 0.0189453125 0.087109375
2 0.79921875 0.92578125 0.0326171875 0.1111328125
2 0.86015625 0.4921875 0.0232421875 0.071484375
2 0.37421875 0.734375 0.025 0.084375
2 0.85859375 0.871875 0.034375 0.099609375
2 0.90390625 0.9140625 0.0234375 0.09375
2 0.5328125 0.64921875 0.0189453125 0.0798828125
2 0.26015625 0.55234375 0.021875 0.0798828125
2 0.0125 0.8265625 0.021875 0.109375
2 0.76640625 0.7109375 0.021875 0.09375
2 0.525 0.86328125 0.025 0.09375
2 0.66328125 0.365625 0.0140625 0.0625