1 0.1734375 0.15234375 0.0154296875 0.0486328125
2 0.503125 0.16953125 0.012109375 0.0482421875
2 0.45234375 0.153125 0.0125 0.056640625
2 0.61328125 0.146875 0.0142578125 0.055859375
2 0.4234375 0.22421875 0.0125 0.0578125
1 0.578125 0.25703125 0.0158203125 0.0642578125
2 0.56640625 0.25546875 0.0140625 0.0642578125
2 0.6453125 0.18125 0.0158203125 0.0560546875
2 0.40625 0.29765625 0.0216796875 0.0732421875
2 0.2140625 0.196875 0.0185546875 0.0591796875
2 0.81875 0.3390625 0.0154296875 0.0779296875
2 0.334375 0.2453125 0.0154296875 0.0654296875
2 0.8609375 0.3734375 0.021875 0.0810546875
2 0.165625 0.32578125 0.0125 0.0736328125
2 0.4609375 0.29296875 0.0158203125 0.0732421875
2 0.5921875 0.33515625 0.0154296875 0.0705078125
2 0.79375 0.29296875 0.0158203125 0.0732421875
2 0.33828125 0.41953125 0.01875 0.08125
2 0.95390625 0.54609375 0.021875 0.0875
2 0.621875 0.53828125 0.0216796875 0.1138671875
2 0.37421875 0.559375 0.0298828125 0.09375
2 0.97578125 0.628125 0.0234375 0.094140625
3 0.33203125 0.27421875 0.0048828125 0.0138671875