2 0.66953125 0.26953125 0.0107421875 0.0390625
1 0.3125 0.25546875 0.0125 0.0423828125
2 0.76953125 0.41875 0.0138671875 0.04375
0 0.00234375 0.39375 0.0046875 0.05
2 0.56875 0.3390625 0.009375 0.0470703125
2 0.6953125 0.31328125 0.0095703125 0.0419921875
2 0.34296875 0.34765625 0.0171875 0.0451171875
2 0.60390625 0.359375 0.0080078125 0.055859375
2 0.73359375 0.3859375 0.0125 0.053125
2 0.4234375 0.2890625 0.0154296875 0.0375
2 0.7234375 0.39140625 0.0154296875 0.0517578125
2 0.76875 0.45625 0.0126953125 0.0529296875
1 0.46484375 0.38515625 0.0140625 0.0513671875
2 0.48046875 0.38359375 0.0109375 0.0453125
2 0.61171875 0.396875 0.0111328125 0.0470703125
2 0.7578125 0.4921875 0.015625 0.0658203125
2 0.51484375 0.69375 0.0142578125 0.084375
1 0.95625 0.8140625 0.0251953125 0.097265625
2 0.60625 0.484375 0.0123046875 0.0591796875
2 0.85546875 0.775 0.0201171875 0.0841796875
2 0.82578125 0.6328125 0.0232421875 0.0685546875
2 0.23984375 0.4484375 0.01875 0.059375
2 0.571875 0.5484375 0.0189453125 0.066015625
2 0.35703125 0.43515625 0.021875 0.05625
3 0.353125 0.36328125 0.005859375 0.009375