1 0.14140625 0.13828125 0.0171875 0.0451171875
2 0.53046875 0.18203125 0.0142578125 0.0513671875
2 0.53984375 0.1875 0.0205078125 0.05
2 0.37109375 0.1640625 0.01875 0.046875
1 0.55859375 0.24453125 0.0140625 0.059375
2 0.3375 0.1609375 0.0154296875 0.058984375
2 0.13125 0.18046875 0.009375 0.0578125
2 0.6125 0.2515625 0.0158203125 0.0625
2 0.44453125 0.19765625 0.0140625 0.0548828125
2 0.896875 0.38671875 0.018359375 0.0701171875
2 0.7671875 0.25390625 0.015234375 0.0640625
2 0.82265625 0.33515625 0.0125 0.0765625
2 0.3703125 0.2640625 0.016015625 0.066015625
2 0.4078125 0.27109375 0.0154296875 0.0640625
2 0.74296875 0.30390625 0.0169921875 0.0673828125
2 0.91328125 0.484375 0.0265625 0.081640625
2 0.5625 0.34140625 0.01875 0.0673828125
2 0.20546875 0.2890625 0.0171875 0.066015625
2 0.65 0.63828125 0.0248046875 0.0919921875
2 0.04140625 0.30546875 0.0138671875 0.0701171875
2 0.13515625 0.49609375 0.0234375 0.0890625
3 0.334375 0.18671875 0.005859375 0.009375
2 0.61875 0.25 0.018359375 0.053125