2 0.06015625 0.1671875 0.0205078125 0.0654296875
1 0.19921875 0.20703125 0.021875 0.075
2 0.04375 0.19375 0.024609375 0.0720703125
2 0.090625 0.15546875 0.018359375 0.0703125
2 0.159375 0.20859375 0.021875 0.0705078125
2 0.00546875 0.17890625 0.0109375 0.075
2 0.09453125 0.2703125 0.0201171875 0.075
2 0.0234375 0.25859375 0.0185546875 0.0798828125
2 0.5015625 0.1125 0.016015625 0.068359375
2 0.25703125 0.259375 0.0201171875 0.08125
2 0.8953125 0.29296875 0.0185546875 0.0861328125
2 0.91796875 0.2015625 0.0171875 0.0779296875
2 0.7859375 0.1359375 0.021875 0.06875
2 0.58359375 0.378125 0.0294921875 0.0970703125
2 0.83203125 0.17421875 0.01875 0.0705078125
2 0.87265625 0.27890625 0.0236328125 0.0861328125
2 0.0640625 0.14609375 0.021484375 0.0607421875
2 0.034375 0.171875 0.025 0.0625