1 0.69453125 0.1921875 0.0107421875 0.034375
2 0.428125 0.23046875 0.0095703125 0.0421875
2 0.64140625 0.24921875 0.0109375 0.0451171875
2 0.625 0.309375 0.0095703125 0.053125
3 0.33203125 0.63671875 0.0078125 0.0140625
2 0.359375 0.278125 0.0158203125 0.0529296875
2 0.30625 0.6203125 0.024609375 0.083984375
2 0.62578125 0.3953125 0.0138671875 0.0498046875
2 0.4203125 0.31484375 0.0123046875 0.0546875
2 0.54375 0.29375 0.0123046875 0.053125
2 0.696875 0.54296875 0.01875 0.0765625
2 0.72578125 0.3078125 0.0111328125 0.0591796875
2 0.59453125 0.3640625 0.0138671875 0.059375
2 0.74609375 0.3125 0.0138671875 0.050390625
1 0.62578125 0.44453125 0.0140625 0.0701171875
2 0.3421875 0.3140625 0.0125 0.0591796875
2 0.771875 0.365625 0.0126953125 0.062890625
2 0.375 0.3828125 0.0126953125 0.0658203125
2 0.7421875 0.66875 0.027734375 0.0875
2 0.40859375 0.57109375 0.0234375 0.0732421875
2 0.16640625 0.33046875 0.0140625 0.05625
2 0.5640625 0.80234375 0.0373046875 0.1
2 0.75234375 0.47890625 0.0140625 0.0705078125