3 0.83359375 0.4890625 0.0173828125 0.016015625
2 0.25859375 0.02890625 0.0236328125 0.0578125
2 0.528125 0.02265625 0.015625 0.0453125
2 0.47421875 0.04140625 0.0140625 0.0671875
2 0.6296875 0.08984375 0.0216796875 0.0796875
1 0.46953125 0.15390625 0.0173828125 0.0767578125
2 0.66484375 0.4703125 0.0263671875 0.0966796875
2 0.48203125 0.190625 0.0205078125 0.0873046875
2 0.79609375 0.221875 0.0201171875 0.0939453125
2 0.20390625 0.23125 0.021875 0.087890625
2 0.09765625 0.14453125 0.021875 0.0861328125
2 0.2671875 0.1578125 0.022265625 0.090234375
2 0.60625 0.3171875 0.030859375 0.097265625
2 0.12734375 0.55625 0.0263671875 0.124609375
2 0.36640625 0.22578125 0.0232421875 0.0861328125
2 0.76875 0.26953125 0.021875 0.1013671875
2 0.921875 0.51953125 0.0283203125 0.1078125
2 0.22890625 0.37890625 0.0236328125 0.1080078125
2 0.85546875 0.29296875 0.0294921875 0.1017578125
2 0.96640625 0.55390625 0.05 0.1