2 0.621875 0.19765625 0.015625 0.0359375
1 0.26171875 0.18671875 0.0109375 0.05625
2 0.7875 0.21484375 0.0220703125 0.0609375
2 0.7703125 0.2109375 0.0185546875 0.0560546875
2 0.565625 0.2546875 0.0154296875 0.065234375
1 0.6375 0.29765625 0.0216796875 0.0673828125
2 0.2828125 0.2578125 0.0158203125 0.0685546875
2 0.66953125 0.30078125 0.0173828125 0.0642578125
2 0.41484375 0.665625 0.0205078125 0.10625
2 0.440625 0.29453125 0.015625 0.0732421875
2 0.2265625 0.3875 0.0189453125 0.0810546875
2 0.4015625 0.37109375 0.015625 0.0794921875
2 0.51484375 0.396875 0.01875 0.078125
2 0.90625 0.36328125 0.0189453125 0.0798828125
2 0.43359375 0.51171875 0.015625 0.0875
2 0.925 0.32421875 0.015625 0.0798828125
2 0.72265625 0.41484375 0.0234375 0.08125
2 0.9578125 0.43984375 0.021875 0.0830078125
2 0.65 0.70078125 0.0279296875 0.0982421875
3 0.56796875 0.20859375 0.0048828125 0.0111328125
2 0.5671875 0.18671875 0.015625 0.0548828125