1 0.40546875 0.24609375 0.0080078125 0.0298828125
2 0.215625 0.40625 0.0158203125 0.059375
2 0.153125 0.47265625 0.018359375 0.0419921875
2 0.46640625 0.36875 0.0125 0.043359375
0 0.1375 0.37109375 0.015625 0.0421875
2 0.30078125 0.36328125 0.0171875 0.0392578125
2 0.47734375 0.321875 0.0140625 0.040625
2 0.315625 0.4046875 0.0125 0.046875
1 0.31953125 0.45625 0.009375 0.053125
2 0.58984375 0.36015625 0.0138671875 0.0546875
2 0.20078125 0.43359375 0.0125 0.0486328125
2 0.85859375 0.46484375 0.0125 0.053125
2 0.4640625 0.47890625 0.009765625 0.0576171875
2 0.828125 0.421875 0.0125 0.053125
1 0.9375 0.81796875 0.018359375 0.0859375
2 0.38359375 0.42109375 0.0140625 0.0451171875
2 0.49765625 0.41953125 0.0171875 0.0513671875
2 0.78828125 0.47890625 0.0109375 0.0546875
2 0.60390625 0.57109375 0.0140625 0.0607421875
2 0.578125 0.46328125 0.018359375 0.0546875
2 0.746875 0.465625 0.015625 0.055859375
2 0.80703125 0.58671875 0.015625 0.06875
3 0.1640625 0.49375 0.0060546875 0.009375
2 0.153125 0.4625 0.0248046875 0.043359375