2 0.8234375 0.06640625 0.015234375 0.053125
1 0.3375 0.046875 0.018359375 0.056640625
2 0.959375 0.26953125 0.0185546875 0.059375
2 0.68671875 0.1609375 0.0125 0.0654296875
2 0.8578125 0.125 0.0126953125 0.0564453125
2 0.378125 0.171875 0.024609375 0.062109375
2 0.73359375 0.1875 0.0111328125 0.0748046875
2 0.91015625 0.22421875 0.0171875 0.0732421875
2 0.48828125 0.0921875 0.0203125 0.052734375
2 0.89609375 0.23125 0.0203125 0.0716796875
2 0.95859375 0.3203125 0.01875 0.0716796875
1 0.54375 0.2234375 0.0189453125 0.06875
2 0.565625 0.221875 0.0154296875 0.0625
2 0.74453125 0.2390625 0.015625 0.0654296875
2 0.94375 0.36875 0.021875 0.0904296875
2 0.6125 0.64375 0.019140625 0.1154296875
2 0.7375 0.35859375 0.0158203125 0.0796875
2 0.23828125 0.30859375 0.0263671875 0.0798828125
2 0.690625 0.4453125 0.025390625 0.0908203125
2 0.39765625 0.290625 0.0296875 0.075390625
3 0.3921875 0.19296875 0.0064453125 0.0138671875