1 0.65859375 0.1421875 0.0140625 0.0435546875
2 0.50859375 0.34375 0.025 0.062109375
2 0.9390625 0.3859375 0.025 0.075
2 0.01484375 0.43359375 0.01875 0.08125
2 0.96953125 0.4546875 0.0330078125 0.0720703125
2 0.76640625 0.36796875 0.0236328125 0.0671875
2 0.046875 0.6765625 0.021875 0.102734375
2 0.4375 0.24609375 0.021875 0.05
2 0.7453125 0.2859375 0.025 0.053125
2 0.18828125 0.371875 0.0201171875 0.075
2 0.45 0.41640625 0.025390625 0.0734375
2 0.32421875 0.2953125 0.0236328125 0.0626953125
2 0.92109375 0.45546875 0.0328125 0.0794921875
2 0.53671875 0.42578125 0.021875 0.0703125
1 0.69375 0.47578125 0.031640625 0.0765625
2 0.259375 0.44375 0.018359375 0.0779296875
2 0.434375 0.51640625 0.025 0.0794921875
2 0.2921875 0.63984375 0.0283203125 0.0861328125
2 0.22265625 0.4828125 0.0236328125 0.083984375
2 0.93046875 0.565625 0.0232421875 0.090625
2 0.95703125 0.5890625 0.0294921875 0.090234375
2 0.284375 0.54140625 0.0310546875 0.0767578125