1 0.40703125 0.09609375 0.0080078125 0.0330078125
2 0.58671875 0.1484375 0.0111328125 0.0501953125
2 0.7875 0.19609375 0.0126953125 0.0455078125
1 0.64921875 0.228125 0.0111328125 0.056640625
2 0.81171875 0.2 0.0138671875 0.0560546875
2 0.71484375 0.2859375 0.0109375 0.0595703125
2 0.42421875 0.628125 0.0265625 0.0783203125
2 0.85703125 0.25703125 0.0125 0.0625
2 0.69140625 0.27734375 0.0173828125 0.0609375
2 0.52578125 0.31484375 0.0171875 0.065625
2 0.89921875 0.31484375 0.015625 0.06875
2 0.8421875 0.2640625 0.015234375 0.0625
2 0.75390625 0.6484375 0.0263671875 0.0966796875
2 0.346875 0.253125 0.0125 0.0625
2 0.50546875 0.43671875 0.0140625 0.0794921875
2 0.46484375 0.3390625 0.015625 0.0654296875
2 0.7375 0.4703125 0.0216796875 0.0810546875
2 0.04375 0.38046875 0.018359375 0.06875
2 0.75859375 0.31484375 0.0142578125 0.065625
2 0.98203125 0.4234375 0.01875 0.075
2 0.56640625 0.53125 0.0203125 0.0845703125
2 0.91953125 0.6078125 0.0267578125 0.0873046875
3 0.41484375 0.6546875 0.0078125 0.0154296875