3 0.33203125 0.509375 0.0078125 0.0185546875
1 0.6109375 0.128125 0.021875 0.0564453125
2 0.528125 0.18046875 0.021875 0.05
2 0.13125 0.296875 0.028125 0.075390625
2 0.0328125 0.32109375 0.021484375 0.0830078125
2 0.31875 0.4765625 0.028125 0.0873046875
2 0.13359375 0.4890625 0.0330078125 0.091015625
2 0.4328125 0.3203125 0.016015625 0.078515625
1 0.66875 0.42734375 0.0216796875 0.0861328125
2 0.59140625 0.253125 0.0169921875 0.0720703125
2 0.584375 0.40078125 0.0220703125 0.0830078125
2 0.3 0.5875 0.019140625 0.0966796875
2 0.80234375 0.40703125 0.021875 0.090625
2 0.98828125 0.64140625 0.0234375 0.103125
2 0.490625 0.91015625 0.030859375 0.1236328125
2 0.17109375 0.740625 0.0265625 0.11875
2 0.62109375 0.53515625 0.0205078125 0.1013671875
2 0.8234375 0.4921875 0.028125 0.0998046875
2 0.77265625 0.5359375 0.028125 0.1001953125
2 0.69296875 0.77421875 0.0263671875 0.1107421875
2 0.91796875 0.6609375 0.0232421875 0.1154296875