1 0.45078125 0.2625 0.0109375 0.0376953125
2 0.2125 0.4640625 0.019140625 0.075
2 0.13359375 0.54765625 0.0205078125 0.0517578125
2 0.52734375 0.4171875 0.015625 0.053125
0 0.1140625 0.4203125 0.021484375 0.053125
2 0.31953125 0.409375 0.0205078125 0.05
2 0.54140625 0.3578125 0.0173828125 0.0501953125
2 0.33828125 0.46171875 0.0169921875 0.059375
1 0.34296875 0.52734375 0.0111328125 0.0669921875
2 0.6828125 0.40625 0.0158203125 0.06875
2 0.19453125 0.4984375 0.0169921875 0.0623046875
2 0.52421875 0.55546875 0.0138671875 0.0705078125
2 0.98125 0.48359375 0.015625 0.0669921875
2 0.42265625 0.4828125 0.0173828125 0.0560546875
2 0.56640625 0.48125 0.0205078125 0.062890625
2 0.93125 0.55546875 0.012890625 0.06875
2 0.7 0.67109375 0.0185546875 0.0763671875
2 0.6671875 0.5359375 0.021875 0.06875
2 0.87890625 0.5390625 0.0201171875 0.06875
2 0.95390625 0.690625 0.0201171875 0.0873046875
3 0.14765625 0.5734375 0.0076171875 0.0123046875
2 0.13359375 0.53515625 0.0296875 0.053125