1 0.125 0.140625 0.0154296875 0.0498046875
2 0.45234375 0.1578125 0.0109375 0.046875
2 0.4015625 0.14140625 0.0125 0.0576171875
2 0.56171875 0.134375 0.0140625 0.055859375
2 0.3734375 0.21171875 0.0123046875 0.0576171875
1 0.5265625 0.24453125 0.0158203125 0.0642578125
2 0.515625 0.24296875 0.012890625 0.0642578125
2 0.59375 0.16875 0.0158203125 0.0560546875
2 0.35625 0.28515625 0.0216796875 0.0732421875
2 0.165625 0.18515625 0.0185546875 0.0580078125
2 0.76640625 0.3265625 0.0142578125 0.077734375
2 0.284375 0.2328125 0.012890625 0.0654296875
2 0.80859375 0.3609375 0.021875 0.078515625
2 0.1171875 0.31328125 0.0125 0.0734375
2 0.41015625 0.28046875 0.0169921875 0.0732421875
2 0.54140625 0.321875 0.0140625 0.069140625
2 0.74140625 0.28046875 0.0169921875 0.0732421875
2 0.2890625 0.40625 0.01875 0.08125
2 0.90078125 0.53203125 0.021875 0.0861328125
2 0.5703125 0.52421875 0.0216796875 0.1125
2 0.32421875 0.5453125 0.0296875 0.0935546875
2 0.92265625 0.6140625 0.0234375 0.096484375
3 0.28203125 0.26171875 0.0048828125 0.0138671875