1 0.66015625 0.49765625 0.0201171875 0.05625
2 0.6234375 0.3125 0.015234375 0.037109375
2 0.7703125 0.39609375 0.015234375 0.0544921875
2 0.65234375 0.55703125 0.0125 0.0642578125
2 0.58671875 0.434375 0.0111328125 0.0533203125
2 0.375 0.41015625 0.015625 0.05
2 0.35859375 0.7828125 0.0205078125 0.0845703125
2 0.4171875 0.42265625 0.0158203125 0.0578125
2 0.44765625 0.7828125 0.0236328125 0.083984375
2 0.6109375 0.6671875 0.021484375 0.0751953125
2 0.2578125 0.50625 0.021484375 0.0685546875
1 0.05078125 0.7921875 0.0267578125 0.09375
2 0.79453125 0.51953125 0.0169921875 0.0640625
2 0.3328125 0.78984375 0.0373046875 0.0705078125
2 0.6296875 0.7875 0.0251953125 0.080859375
2 0.17265625 0.6625 0.0234375 0.0685546875
2 0.28828125 0.60859375 0.015625 0.0703125
2 0.54140625 0.68046875 0.0236328125 0.0794921875
2 0.79609375 0.67421875 0.0234375 0.0798828125
2 0.75703125 0.67109375 0.021875 0.0767578125
2 0.83046875 0.7109375 0.0203125 0.0783203125
2 0.4015625 0.57265625 0.015625 0.0640625
3 0.36015625 0.80546875 0.0078125 0.015625
1 0.76484375 0.28125 0.0080078125 0.0408203125