3 0.425 0.63515625 0.009375 0.0169921875
1 0.6203125 0.17109375 0.0095703125 0.0421875
2 0.3 0.28984375 0.0185546875 0.0546875
2 0.39453125 0.2453125 0.0109375 0.0470703125
2 0.625 0.35390625 0.01875 0.05
2 0.3265625 0.3921875 0.015234375 0.06875
2 0.6484375 0.26796875 0.015234375 0.05
2 0.43515625 0.6125 0.025 0.0875
2 0.325 0.4546875 0.015625 0.075
2 0.67890625 0.34921875 0.0140625 0.065625
2 0.546875 0.7484375 0.0251953125 0.0875
2 0.53828125 0.328125 0.0169921875 0.0625
2 0.584375 0.76875 0.025390625 0.094140625
2 0.52109375 0.6203125 0.0205078125 0.0935546875
2 0.28046875 0.35078125 0.0140625 0.0671875
2 0.7 0.3578125 0.015625 0.0658203125
2 0.059375 0.3859375 0.015625 0.0658203125
1 0.60546875 0.46875 0.0171875 0.075390625
2 0.4640625 0.421875 0.0185546875 0.071875
2 0.56796875 0.4953125 0.0234375 0.072265625
2 0.10859375 0.68046875 0.025 0.1013671875
2 0.7296875 0.43671875 0.0283203125 0.0767578125
2 0.33203125 0.65859375 0.021875 0.0890625