3 0.54296875 0.41171875 0.00625 0.0142578125
1 0.77109375 0.1 0.0173828125 0.046875
2 0.703125 0.14296875 0.0185546875 0.0419921875
2 0.3796875 0.23828125 0.022265625 0.0625
2 0.29921875 0.2578125 0.0169921875 0.06875
2 0.53203125 0.384375 0.0234375 0.0716796875
2 0.265625 0.37578125 0.0216796875 0.0796875
2 0.38125 0.3953125 0.0279296875 0.075
2 0.62578125 0.25703125 0.0140625 0.0642578125
1 0.81796875 0.34453125 0.0171875 0.0705078125
2 0.75546875 0.20234375 0.0138671875 0.059375
2 0.74921875 0.3234375 0.01875 0.06875
1 0.02890625 0.81875 0.0330078125 0.115625
2 0.5171875 0.47578125 0.0158203125 0.0794921875
2 0.92734375 0.328125 0.0173828125 0.0748046875
2 0.67265625 0.7390625 0.0236328125 0.102734375
2 0.41171875 0.60078125 0.021875 0.096875
2 0.7796875 0.4328125 0.016015625 0.0814453125
2 0.94453125 0.39765625 0.0234375 0.08125
2 0.13828125 0.490625 0.0326171875 0.093359375
2 0.903125 0.43359375 0.024609375 0.0826171875
2 0.83828125 0.628125 0.0205078125 0.0904296875