3 0.66328125 0.2875 0.00625 0.0123046875
2 0.46796875 0.20390625 0.0078125 0.040625
1 0.2171875 0.19921875 0.009375 0.0423828125
2 0.303125 0.24609375 0.0095703125 0.0455078125
2 0.40078125 0.296875 0.0138671875 0.0501953125
2 0.3625 0.35546875 0.0125 0.0625
2 0.7109375 0.2984375 0.009375 0.0564453125
2 0.64921875 0.23203125 0.0173828125 0.046875
2 0.44765625 0.28203125 0.0125 0.0548828125
2 0.2453125 0.29921875 0.015625 0.0609375
2 0.18984375 0.36640625 0.0142578125 0.0638671875
2 0.63359375 0.3078125 0.0142578125 0.0564453125
1 0.47265625 0.43046875 0.0138671875 0.0701171875
2 0.240625 0.78984375 0.0314453125 0.1046875
2 0.38046875 0.4515625 0.015625 0.0716796875
2 0.18046875 0.3453125 0.0138671875 0.058984375
2 0.61953125 0.3734375 0.0140625 0.0625
2 0.15859375 0.46171875 0.0232421875 0.075
2 0.58671875 0.3265625 0.0125 0.0560546875
2 0.42734375 0.45546875 0.01875 0.0701171875
2 0.17578125 0.48125 0.0173828125 0.078125
2 0.859375 0.575 0.025390625 0.081640625
2 0.15 0.584375 0.0251953125 0.080859375