2 0.33046875 0.165625 0.0169921875 0.05625
3 0.69453125 0.30625 0.0078125 0.0154296875
1 0.78984375 0.1359375 0.0171875 0.058984375
1 0.434375 0.253125 0.018359375 0.0716796875
2 0.2609375 0.396875 0.0158203125 0.08125
2 0.296875 0.26953125 0.01875 0.075
2 0.36484375 0.271875 0.0142578125 0.074609375
2 0.65859375 0.375 0.0173828125 0.08125
2 0.29140625 0.36953125 0.01875 0.0642578125
2 0.04453125 0.34921875 0.0205078125 0.0875
2 0.71875 0.21953125 0.015625 0.0640625
2 0.41328125 0.35390625 0.0138671875 0.0794921875
2 0.171875 0.21484375 0.015625 0.0640625
2 0.23515625 0.3609375 0.0171875 0.078515625
2 0.0953125 0.28203125 0.0158203125 0.0767578125
2 0.9375 0.3765625 0.0158203125 0.0845703125
2 0.52890625 0.40234375 0.0236328125 0.0857421875
2 0.8234375 0.63359375 0.025 0.1138671875
2 0.009375 0.4578125 0.01875 0.1
2 0.55546875 0.34765625 0.0265625 0.08125
2 0.30390625 0.4953125 0.0232421875 0.0939453125
2 0.3453125 0.78828125 0.0251953125 0.1169921875