2 0.41953125 0.24140625 0.0142578125 0.0517578125
2 0.428125 0.2640625 0.012109375 0.0529296875
2 0.5734375 0.32265625 0.0123046875 0.0517578125
1 0.05390625 0.221875 0.0125 0.0498046875
1 0.5265625 0.3609375 0.0126953125 0.0689453125
2 0.63828125 0.28046875 0.0169921875 0.0638671875
2 0.3078125 0.36484375 0.0125 0.0736328125
2 0.83046875 0.48671875 0.0234375 0.0888671875
2 0.3578125 0.309375 0.015234375 0.0685546875
2 0.57734375 0.3703125 0.0142578125 0.0685546875
2 0.33359375 0.36875 0.0125 0.069140625
2 0.61796875 0.2796875 0.0142578125 0.0625
2 0.76953125 0.425 0.0140625 0.0748046875
2 0.08046875 0.296875 0.01875 0.0625
2 0.8234375 0.646875 0.025 0.0935546875
2 0.79296875 0.50078125 0.021875 0.0732421875
2 0.721875 0.3765625 0.024609375 0.0783203125
2 0.496875 0.47578125 0.0279296875 0.0794921875
2 0.6953125 0.840625 0.027734375 0.1091796875
2 0.10859375 0.41328125 0.0203125 0.075
2 0.0796875 0.6515625 0.022265625 0.103125
3 0.0890625 0.325 0.0064453125 0.015625