2 0.615625 0.0140625 0.0125 0.028125
2 0.4515625 0.02578125 0.0158203125 0.0486328125
1 0.3984375 0.2703125 0.0154296875 0.0814453125
2 0.36171875 0.078125 0.0138671875 0.0623046875
2 0.559375 0.06875 0.01875 0.0595703125
2 0.2015625 0.1234375 0.0154296875 0.0720703125
2 0.6640625 0.08984375 0.015234375 0.0640625
2 0.2734375 0.0734375 0.0185546875 0.0685546875
2 0.7109375 0.07734375 0.01875 0.0732421875
2 0.146875 0.10390625 0.01875 0.0673828125
2 0.54375 0.078125 0.0126953125 0.062890625
2 0.21796875 0.1609375 0.0169921875 0.0716796875
2 0.703125 0.14765625 0.018359375 0.0669921875
2 0.378125 0.14140625 0.012890625 0.0732421875
2 0.15390625 0.19765625 0.0201171875 0.0734375
2 0.06953125 0.41640625 0.0232421875 0.0919921875
2 0.9125 0.10625 0.0189453125 0.069140625
2 0.16171875 0.29921875 0.0171875 0.0861328125
2 0.78359375 0.38984375 0.021875 0.0890625
2 0.07421875 0.66328125 0.0298828125 0.1201171875
2 0.4015625 0.24296875 0.0125 0.0578125