1 0.3515625 0.228125 0.009375 0.031640625
2 0.65078125 0.359375 0.0109375 0.05
1 0.5140625 0.39609375 0.0154296875 0.0513671875
2 0.7484375 0.62890625 0.0126953125 0.0625
2 0.31875 0.36015625 0.0123046875 0.0482421875
2 0.7171875 0.52265625 0.0125 0.0642578125
2 0.69609375 0.42578125 0.0125 0.0548828125
2 0.25703125 0.61171875 0.0173828125 0.0703125
2 0.34453125 0.340625 0.0140625 0.05
2 0.465625 0.4921875 0.01875 0.058984375
2 0.76328125 0.62265625 0.0138671875 0.0763671875
2 0.521875 0.4578125 0.0125 0.059765625
2 0.58828125 0.57734375 0.0173828125 0.0705078125
2 0.7875 0.45546875 0.0158203125 0.0642578125
2 0.55703125 0.6140625 0.01875 0.0689453125
2 0.5703125 0.65859375 0.021875 0.0732421875
2 0.2953125 0.48046875 0.01875 0.0578125
2 0.50390625 0.55546875 0.0203125 0.0671875
2 0.8421875 0.6 0.021875 0.075390625
2 0.20703125 0.55546875 0.028125 0.0544921875
2 0.6390625 0.5484375 0.0220703125 0.059765625
2 0.3546875 0.6296875 0.021875 0.0720703125
3 0.32265625 0.38046875 0.0048828125 0.0109375