2 0.8703125 0.44609375 0.0091796875 0.0451171875
2 0.14453125 0.74375 0.0201171875 0.043359375
2 0.97578125 0.5484375 0.0236328125 0.0283203125
2 0.88359375 0.42578125 0.0076171875 0.0451171875
2 0.846875 0.46171875 0.012109375 0.05
2 0.8625 0.52421875 0.012109375 0.0482421875
1 0.759375 0.4859375 0.012890625 0.0470703125
2 0.6921875 0.52578125 0.0123046875 0.0578125
2 0.22734375 0.5484375 0.0109375 0.0529296875
2 0.7203125 0.51015625 0.0123046875 0.0513671875
2 0.24609375 0.5796875 0.0109375 0.059375
2 0.1859375 0.55078125 0.0123046875 0.0578125
2 0.44296875 0.43203125 0.0109375 0.0392578125
2 0.17578125 0.72109375 0.0203125 0.0767578125
2 0.59375 0.5640625 0.0125 0.05625
2 0.3765625 0.7328125 0.0189453125 0.0685546875
3 0.746875 0.38203125 0.0060546875 0.0111328125
2 0.84140625 0.42734375 0.009375 0.0392578125
2 0.88046875 0.44609375 0.009375 0.0513671875
0 0.859375 0.43125 0.015625 0.031640625
2 0.678125 0.43671875 0.0125 0.0419921875
2 0.60703125 0.565625 0.0140625 0.062109375
1 0.68125 0.31796875 0.0091796875 0.0361328125