2 0.65703125 0.48046875 0.0359375 0.0875
2 0.67109375 0.4875 0.0326171875 0.075390625
2 0.50078125 0.56171875 0.0236328125 0.0890625
2 0.1875 0.2984375 0.0158203125 0.059765625
2 0.0578125 0.4125 0.0279296875 0.0720703125
2 0.60859375 0.55390625 0.0375 0.0765625
2 0.728125 0.6140625 0.043359375 0.0810546875
2 0.5734375 0.67421875 0.0220703125 0.0919921875
2 0.6390625 0.3234375 0.028125 0.059765625
2 0.2484375 0.59375 0.0220703125 0.0875
2 0.69375 0.5984375 0.0310546875 0.078125
2 0.5875 0.2546875 0.0283203125 0.053515625
2 0.06171875 0.496875 0.0232421875 0.087890625
2 0.48828125 0.44609375 0.0267578125 0.078125
1 0.40625 0.378125 0.0248046875 0.0626953125
2 0.27421875 0.53671875 0.0294921875 0.0828125
2 0.409375 0.57890625 0.0283203125 0.0921875
2 0.04375 0.728125 0.0341796875 0.087890625
1 0.5328125 0.11875 0.0154296875 0.0404296875
3 0.7328125 0.640625 0.0095703125 0.018359375