2 0.61796875 0.24921875 0.015625 0.0359375
2 0.52109375 0.24921875 0.0125 0.0453125
2 0.703125 0.2390625 0.0123046875 0.0470703125
2 0.184375 0.33984375 0.0123046875 0.0513671875
2 0.24296875 0.27578125 0.015625 0.0453125
1 0.4765625 0.31875 0.0095703125 0.049609375
2 0.41640625 0.3375 0.0111328125 0.0560546875
2 0.3734375 0.32421875 0.0154296875 0.0578125
2 0.7 0.32265625 0.0154296875 0.0607421875
2 0.171875 0.6125 0.0189453125 0.0810546875
2 0.81328125 0.30703125 0.0111328125 0.0548828125
2 0.1015625 0.4984375 0.0158203125 0.072265625
2 0.78671875 0.50703125 0.0169921875 0.065625
2 0.228125 0.44609375 0.015625 0.0705078125
2 0.6171875 0.378125 0.0154296875 0.0658203125
2 0.14140625 0.38984375 0.0138671875 0.0669921875
2 0.5796875 0.371875 0.015625 0.062109375
2 0.1703125 0.46953125 0.01875 0.0732421875
2 0.95625 0.446875 0.025390625 0.069140625
2 0.73828125 0.6125 0.0205078125 0.078125
2 0.39140625 0.634375 0.0328125 0.0751953125
3 0.43671875 0.30234375 0.0078125 0.0142578125
1 0.17578125 0.18125 0.0140625 0.0470703125