2 0.1421875 0.36953125 0.009375 0.046875
2 0.91171875 0.684375 0.0203125 0.0439453125
2 0.03046875 0.47734375 0.0263671875 0.03125
2 0.128125 0.34765625 0.006640625 0.046875
2 0.1671875 0.3859375 0.0123046875 0.053125
2 0.15 0.4515625 0.0123046875 0.0501953125
1 0.259375 0.41171875 0.0154296875 0.0513671875
2 0.33046875 0.453125 0.0125 0.062109375
2 0.82421875 0.478125 0.0111328125 0.0560546875
2 0.30078125 0.4375 0.0125 0.0533203125
2 0.8046875 0.5109375 0.0123046875 0.0626953125
2 0.86875 0.4796875 0.0125 0.059765625
2 0.59609375 0.3546875 0.0111328125 0.041015625
2 0.87890625 0.66015625 0.0205078125 0.08125
2 0.43515625 0.49453125 0.0138671875 0.0607421875
2 0.665625 0.67265625 0.019140625 0.0732421875
3 0.27265625 0.3015625 0.0048828125 0.0125
2 0.17265625 0.34921875 0.0107421875 0.0421875
2 0.13125 0.36953125 0.0095703125 0.0544921875
0 0.153125 0.353125 0.0158203125 0.034375
2 0.34609375 0.359375 0.0138671875 0.04375
2 0.42109375 0.49609375 0.0142578125 0.0640625
1 0.3421875 0.23359375 0.009375 0.0390625