2 0.553125 0.303125 0.0125 0.055859375
2 0.646875 0.38828125 0.0189453125 0.0640625
2 0.55234375 0.35 0.0169921875 0.065625
2 0.28046875 0.29609375 0.0171875 0.059375
2 0.24140625 0.29375 0.0169921875 0.056640625
2 0.134375 0.5234375 0.030859375 0.0720703125
1 0.2984375 0.32109375 0.015625 0.0638671875
2 0.22578125 0.42734375 0.0142578125 0.0640625
1 0.93828125 0.8453125 0.0392578125 0.096484375
0 0.9078125 0.29765625 0.0216796875 0.0609375
2 0.13359375 0.584375 0.0236328125 0.081640625
2 0.096875 0.4140625 0.0158203125 0.071484375
2 0.33203125 0.46875 0.01875 0.0720703125
2 0.6046875 0.4953125 0.0158203125 0.078125
2 0.659375 0.45 0.0189453125 0.0751953125
2 0.4234375 0.4890625 0.0185546875 0.075
2 0.44453125 0.490625 0.0169921875 0.074609375
2 0.3078125 0.490625 0.0251953125 0.0716796875
2 0.48359375 0.5546875 0.0234375 0.078125
2 0.759375 0.57734375 0.019140625 0.0705078125
2 0.24765625 0.58515625 0.0265625 0.0828125
2 0.28046875 0.57734375 0.0205078125 0.0857421875
2 0.06484375 0.50234375 0.021875 0.0705078125
3 0.321875 0.2734375 0.006640625 0.015625
1 0.12421875 0.10234375 0.009375 0.0390625