2 0.421875 0.353125 0.018359375 0.0376953125
2 0.52421875 0.353125 0.0138671875 0.0470703125
2 0.33125 0.3421875 0.0125 0.05
2 0.8796875 0.44921875 0.0125 0.0544921875
2 0.81796875 0.38125 0.0171875 0.0470703125
1 0.57109375 0.4265625 0.0109375 0.052734375
2 0.63515625 0.446875 0.0125 0.0591796875
2 0.6796875 0.43203125 0.015625 0.0609375
2 0.33515625 0.43125 0.015625 0.0626953125
2 0.89296875 0.7375 0.0205078125 0.0845703125
2 0.215625 0.41484375 0.0125 0.0580078125
2 0.96796875 0.61640625 0.0171875 0.078125
2 0.24375 0.62578125 0.018359375 0.0701171875
2 0.83359375 0.56171875 0.0171875 0.075
2 0.42265625 0.48984375 0.015625 0.0703125
2 0.92578125 0.5015625 0.0140625 0.071484375
2 0.4625 0.48359375 0.0158203125 0.0642578125
2 0.89453125 0.5859375 0.0201171875 0.077734375
2 0.06484375 0.5625 0.028125 0.0748046875
2 0.2953125 0.7375 0.021875 0.081640625
2 0.6609375 0.76015625 0.034375 0.0798828125
3 0.61328125 0.409375 0.0078125 0.015625
1 0.8890625 0.28125 0.0154296875 0.05