2 0.903125 0.53203125 0.018359375 0.0517578125
2 0.89140625 0.5296875 0.0205078125 0.05
2 0.8109375 0.47265625 0.0189453125 0.0546875
2 0.6796875 0.403125 0.0095703125 0.04375
0 0.90859375 0.41484375 0.0203125 0.04375
2 0.70078125 0.37734375 0.0109375 0.0482421875
1 0.625 0.446875 0.019140625 0.049609375
2 0.77890625 0.43671875 0.0140625 0.0455078125
2 0.55078125 0.5265625 0.0140625 0.058984375
2 0.5828125 0.453125 0.009765625 0.0501953125
2 0.26796875 0.4046875 0.0107421875 0.0501953125
2 0.73203125 0.48828125 0.021875 0.059375
2 0.08515625 0.52578125 0.0142578125 0.0638671875
2 0.59609375 0.540625 0.0171875 0.0626953125
2 0.7640625 0.55546875 0.0216796875 0.0638671875
2 0.425 0.58515625 0.0123046875 0.065625
2 0.096875 0.565625 0.0158203125 0.065625
2 0.0359375 0.5359375 0.015234375 0.0626953125
2 0.2078125 0.73828125 0.0189453125 0.0732421875
2 0.3890625 0.59765625 0.0185546875 0.065625
2 0.0125 0.74375 0.025 0.084375
1 0.54921875 0.2640625 0.0107421875 0.028515625