1 0.8265625 0.325 0.0095703125 0.037109375
2 0.50078125 0.4671875 0.0111328125 0.053515625
1 0.64921875 0.50703125 0.0169921875 0.0548828125
2 0.39453125 0.7609375 0.0140625 0.0685546875
2 0.86171875 0.46796875 0.0138671875 0.0517578125
2 0.428125 0.6453125 0.012890625 0.071484375
2 0.45078125 0.5390625 0.0140625 0.0595703125
2 0.92890625 0.7421875 0.0201171875 0.077734375
2 0.834375 0.44765625 0.0154296875 0.0546875
2 0.70234375 0.6125 0.0205078125 0.0625
2 0.378125 0.75390625 0.012890625 0.0826171875
2 0.640625 0.575 0.012890625 0.065625
2 0.56875 0.70390625 0.0189453125 0.0767578125
2 0.3515625 0.57265625 0.016015625 0.0703125
2 0.60234375 0.74453125 0.0203125 0.075
2 0.58828125 0.79296875 0.0234375 0.0794921875
2 0.8875 0.59921875 0.0216796875 0.0625
2 0.6609375 0.68125 0.021875 0.0720703125
2 0.29296875 0.72890625 0.0236328125 0.0830078125
2 0.98359375 0.68125 0.0298828125 0.059375
2 0.51328125 0.67265625 0.025 0.065625
2 0.8234375 0.76171875 0.0248046875 0.0794921875
3 0.8578125 0.48984375 0.00625 0.0111328125