2 0.74296875 0.67109375 0.0419921875 0.1015625
2 0.759375 0.67890625 0.0375 0.0890625
2 0.56171875 0.76484375 0.028125 0.103125
2 0.196875 0.459375 0.01875 0.069140625
2 0.046875 0.5921875 0.0314453125 0.084375
2 0.68671875 0.75625 0.04375 0.087890625
2 0.825 0.8265625 0.0498046875 0.0935546875
2 0.64609375 0.89609375 0.0265625 0.10625
2 0.721875 0.4890625 0.031640625 0.071484375
2 0.26796875 0.80234375 0.0265625 0.1015625
2 0.78515625 0.8078125 0.0357421875 0.090625
2 0.6625 0.40859375 0.0341796875 0.0638671875
2 0.0515625 0.68984375 0.027734375 0.103125
2 0.546875 0.63125 0.0314453125 0.090625
1 0.4515625 0.55234375 0.028125 0.0734375
2 0.2984375 0.7359375 0.0341796875 0.0966796875
2 0.45546875 0.78515625 0.0330078125 0.1076171875
2 0.03046875 0.953125 0.0390625 0.0935546875
1 0.59921875 0.25078125 0.0171875 0.046875
3 0.83046875 0.85625 0.0111328125 0.0189453125