2 0.9390625 0.6625 0.016015625 0.050390625
2 0.92734375 0.66015625 0.0205078125 0.0486328125
2 0.84765625 0.60390625 0.0201171875 0.0544921875
2 0.7171875 0.534375 0.0095703125 0.04375
0 0.94453125 0.54609375 0.0203125 0.04375
2 0.73828125 0.509375 0.0109375 0.046875
1 0.66328125 0.578125 0.0201171875 0.049609375
2 0.815625 0.56796875 0.012890625 0.0455078125
2 0.5890625 0.65703125 0.015234375 0.0578125
2 0.62109375 0.584375 0.0109375 0.0501953125
2 0.30859375 0.5359375 0.0107421875 0.0501953125
2 0.76953125 0.61875 0.021875 0.0591796875
2 0.128125 0.65625 0.0154296875 0.0625
2 0.634375 0.67109375 0.018359375 0.0625
2 0.8015625 0.68515625 0.0216796875 0.0625
2 0.46484375 0.71484375 0.0111328125 0.0642578125
2 0.0390625 0.85 0.015234375 0.08125
2 0.1390625 0.69609375 0.015625 0.0642578125
2 0.078125 0.66640625 0.012890625 0.0625
2 0.24921875 0.86640625 0.0201171875 0.071875
2 0.42890625 0.72734375 0.0173828125 0.0642578125
2 0.053125 0.87265625 0.0279296875 0.084375
1 0.5875 0.396875 0.0095703125 0.030859375