2 0.646875 0.3546875 0.0123046875 0.0498046875
2 0.7328125 0.43203125 0.016015625 0.0578125
2 0.64609375 0.396875 0.0142578125 0.059375
2 0.39921875 0.3484375 0.015625 0.0533203125
2 0.3640625 0.34609375 0.0154296875 0.053125
2 0.2671875 0.5546875 0.0279296875 0.065625
1 0.415625 0.37109375 0.012890625 0.0576171875
2 0.35 0.46796875 0.0126953125 0.0578125
1 0.9890625 0.846875 0.0216796875 0.087109375
0 0.96875 0.35 0.0189453125 0.055859375
2 0.26640625 0.61015625 0.021875 0.0763671875
2 0.2328125 0.45546875 0.0154296875 0.0638671875
2 0.44609375 0.5046875 0.0171875 0.065625
2 0.69375 0.52890625 0.0154296875 0.0705078125
2 0.74296875 0.48828125 0.0171875 0.06875
2 0.5296875 0.5234375 0.0158203125 0.0685546875
2 0.5484375 0.525 0.0154296875 0.068359375
2 0.42421875 0.525 0.0234375 0.0654296875
2 0.58359375 0.5828125 0.0205078125 0.0716796875
2 0.834375 0.603125 0.0185546875 0.0654296875
2 0.36953125 0.6109375 0.0236328125 0.0751953125
2 0.39921875 0.603125 0.0201171875 0.0779296875
2 0.20390625 0.5359375 0.0203125 0.0654296875
3 0.4375 0.32734375 0.0064453125 0.0140625
1 0.2578125 0.17265625 0.0091796875 0.0359375