3 0.8484375 0.74140625 0.00625 0.0109375
2 0.22578125 0.63828125 0.0111328125 0.0482421875
2 0.55703125 0.571875 0.0109375 0.040625
2 0.515625 0.4875 0.006640625 0.031640625
2 0.3375 0.49609375 0.006640625 0.0328125
0 0.84921875 0.5390625 0.009375 0.040625
2 0.290625 0.5609375 0.009375 0.046875
2 0.38671875 0.5734375 0.0078125 0.04375
2 0.3921875 0.6328125 0.009765625 0.0470703125
2 0.5390625 0.58671875 0.009375 0.046875
1 0.4390625 0.6140625 0.0095703125 0.046484375
2 0.48359375 0.6921875 0.009375 0.053515625
2 0.60703125 0.71171875 0.0205078125 0.0517578125
2 0.2765625 0.546875 0.008984375 0.040625
2 0.24140625 0.66640625 0.0107421875 0.0486328125
2 0.19375 0.71484375 0.0123046875 0.053125
1 0.940625 0.89296875 0.0251953125 0.0673828125
2 0.23046875 0.82578125 0.015625 0.0671875
2 0.87265625 0.73046875 0.0201171875 0.0576171875
2 0.43203125 0.71953125 0.0111328125 0.05625
2 0.37109375 0.9265625 0.015625 0.0689453125
2 0.47578125 0.725 0.0173828125 0.0564453125
2 0.01015625 0.83125 0.015625 0.0591796875
2 0.22890625 0.62734375 0.0125 0.046875
1 0.31328125 0.425 0.00625 0.0279296875