2 0.5875 0.11796875 0.0189453125 0.0455078125
2 0.5453125 0.25234375 0.0158203125 0.053125
2 0.25234375 0.1796875 0.015625 0.059375
2 0.4484375 0.25390625 0.025 0.059375
2 0.33046875 0.3421875 0.0173828125 0.0716796875
2 0.815625 0.184375 0.025390625 0.0501953125
2 0.890625 0.4140625 0.025 0.090234375
2 0.84140625 0.22265625 0.0138671875 0.0673828125
2 0.7578125 0.16328125 0.0123046875 0.0578125
2 0.871875 0.43359375 0.0279296875 0.078125
2 0.2 0.3234375 0.0154296875 0.0720703125
2 0.40546875 0.2046875 0.0142578125 0.059765625
2 0.37890625 0.67734375 0.0298828125 0.0955078125
2 0.57265625 0.24453125 0.0201171875 0.059375
2 0.35703125 0.29609375 0.0140625 0.06875
2 0.41796875 0.35859375 0.0169921875 0.06875
1 0.47265625 0.3484375 0.0203125 0.075
2 0.45234375 0.4515625 0.021875 0.078125
2 0.303125 0.3921875 0.0189453125 0.0779296875
2 0.6203125 0.5921875 0.0376953125 0.090234375
2 0.54921875 0.2203125 0.0140625 0.053515625
3 0.5671875 0.246875 0.0064453125 0.012109375
1 0.3546875 0.0578125 0.0125 0.040625