2 0.48828125 0.2859375 0.0125 0.053125
2 0.8234375 0.2796875 0.0095703125 0.0498046875
2 0.6046875 0.1875 0.0095703125 0.0376953125
2 0.34453125 0.2515625 0.0107421875 0.047265625
2 0.36015625 0.42890625 0.0138671875 0.0580078125
2 0.496875 0.29765625 0.0220703125 0.0388671875
0 0.06875 0.30390625 0.015625 0.0486328125
2 0.79453125 0.253125 0.0107421875 0.0498046875
2 0.2671875 0.31796875 0.0123046875 0.0515625
2 0.38828125 0.3265625 0.0138671875 0.0529296875
2 0.36640625 0.378125 0.0169921875 0.05
2 0.5671875 0.44375 0.0126953125 0.0716796875
2 0.83515625 0.2984375 0.0111328125 0.0498046875
2 0.24609375 0.62421875 0.0294921875 0.071875
1 0.49296875 0.403125 0.015625 0.05625
2 0.5859375 0.3609375 0.0123046875 0.053515625
1 0.87109375 0.87578125 0.0359375 0.096875
2 0.41015625 0.52734375 0.0236328125 0.0669921875
2 0.309375 0.44765625 0.0248046875 0.0638671875
2 0.3765625 0.61171875 0.0375 0.0732421875
2 0.80546875 0.47421875 0.0173828125 0.071875
2 0.7703125 0.49609375 0.01875 0.0671875
1 0.4609375 0.13046875 0.0095703125 0.034375
3 0.4671875 0.31875 0.0060546875 0.0123046875
2 0.4890625 0.296875 0.0123046875 0.04375