2 0.28125 0.55234375 0.0095703125 0.0482421875
2 0.5328125 0.45 0.0091796875 0.0345703125
0 0.90703125 0.53828125 0.0111328125 0.0513671875
2 0.3296875 0.48984375 0.008984375 0.0330078125
2 0.41796875 0.55546875 0.0107421875 0.0482421875
2 0.7921875 0.73671875 0.015625 0.0609375
2 0.23671875 0.62421875 0.0109375 0.0517578125
2 0.6015625 0.559375 0.0095703125 0.04375
2 0.5359375 0.675 0.0123046875 0.0591796875
2 0.4140625 0.6234375 0.009765625 0.0529296875
2 0.47890625 0.74453125 0.0142578125 0.0607421875
2 0.20859375 0.7453125 0.0107421875 0.0626953125
1 0.446875 0.634375 0.0123046875 0.0501953125
2 0.3125 0.53828125 0.009375 0.0453125
2 0.265625 0.62890625 0.0123046875 0.05625
2 0.553125 0.55859375 0.0158203125 0.040625
2 0.840625 0.64609375 0.012109375 0.0546875
2 0.62734375 0.80703125 0.0232421875 0.0705078125
2 0.2984375 0.67109375 0.0125 0.0578125
2 0.25546875 0.85234375 0.0205078125 0.06875
2 0.06796875 0.91328125 0.0232421875 0.0732421875
2 0.44140625 0.9796875 0.021875 0.040625
3 0.7859375 0.753125 0.0060546875 0.012109375
1 0.33359375 0.41484375 0.0080078125 0.0328125