2 0.68671875 0.33828125 0.0111328125 0.040625
2 0.28359375 0.37265625 0.0107421875 0.0421875
0 0.875 0.3265625 0.0095703125 0.040234375
2 0.33125 0.2859375 0.009375 0.0375
2 0.22421875 0.384375 0.0111328125 0.049609375
2 0.85390625 0.3375 0.0125 0.0404296875
2 0.2328125 0.4234375 0.0123046875 0.0533203125
2 0.51484375 0.371875 0.0107421875 0.037890625
2 0.39453125 0.334375 0.0078125 0.037890625
2 0.67734375 0.3375 0.009375 0.0435546875
2 0.49296875 0.453125 0.0138671875 0.0501953125
2 0.725 0.43046875 0.0095703125 0.053125
2 0.55 0.771875 0.0158203125 0.0814453125
1 0.51875 0.40703125 0.0125 0.0486328125
2 0.37421875 0.4625 0.0125 0.050390625
2 0.2625 0.33046875 0.0125 0.0421875
2 0.4796875 0.3765625 0.0126953125 0.0439453125
2 0.9125 0.56875 0.018359375 0.068359375
2 0.20546875 0.48671875 0.0142578125 0.0611328125
2 0.84296875 0.58359375 0.0140625 0.0638671875
2 0.25703125 0.61875 0.015625 0.06875
2 0.33515625 0.665625 0.0201171875 0.0748046875
3 0.77734375 0.2703125 0.009375 0.0158203125
1 0.2171875 0.2734375 0.0095703125 0.0375