2 0.83671875 0.43671875 0.0109375 0.05
2 0.43515625 0.3609375 0.009375 0.0375
2 0.7859375 0.44140625 0.0123046875 0.0544921875
2 0.2953125 0.52421875 0.015234375 0.0544921875
2 0.93515625 0.61640625 0.0111328125 0.06875
2 0.2921875 0.459375 0.015234375 0.0501953125
2 0.353125 0.58046875 0.015625 0.0513671875
2 0.6609375 0.52578125 0.0126953125 0.059375
2 0.87265625 0.640625 0.015625 0.06875
2 0.7671875 0.6453125 0.0185546875 0.0658203125
2 0.35234375 0.8359375 0.0201171875 0.084765625
2 0.27578125 0.5828125 0.0234375 0.059765625
2 0.5640625 0.53359375 0.0189453125 0.05625
2 0.83984375 0.8796875 0.015625 0.0908203125
2 0.878125 0.9046875 0.019140625 0.09375
2 0.4578125 0.753125 0.0126953125 0.0810546875
1 0.60234375 0.60234375 0.01875 0.06875
2 0.28359375 0.834375 0.015625 0.087109375
1 0.790625 0.29375 0.0095703125 0.0408203125