2 0.26171875 0.23046875 0.0173828125 0.0298828125
2 0.62734375 0.22265625 0.0080078125 0.03125
2 0.3640625 0.21640625 0.008984375 0.0296875
2 0.3734375 0.22421875 0.0091796875 0.03125
2 0.63671875 0.27734375 0.0111328125 0.0455078125
2 0.63984375 0.31796875 0.0107421875 0.0486328125
2 0.4375 0.3125 0.009375 0.0466796875
2 0.61796875 0.2265625 0.0125 0.0373046875
2 0.440625 0.225 0.009375 0.0375
2 0.2828125 0.2421875 0.0125 0.034765625
2 0.34375 0.2859375 0.009375 0.0404296875
2 0.71640625 0.5953125 0.0109375 0.0658203125
2 0.4890625 0.2921875 0.009765625 0.0439453125
2 0.178125 0.35390625 0.01875 0.0517578125
2 0.58828125 0.296875 0.0078125 0.0466796875
0 0.9828125 0.32890625 0.0125 0.0455078125
2 0.58828125 0.36328125 0.0138671875 0.0515625
2 0.3265625 0.3328125 0.0125 0.0466796875
1 0.5140625 0.34921875 0.0125 0.0484375
2 0.47109375 0.45390625 0.015625 0.0580078125
2 0.27578125 0.45 0.0138671875 0.062890625
2 0.6984375 0.46875 0.021484375 0.0564453125
1 0.59140625 0.1890625 0.009375 0.028515625
3 0.253125 0.24453125 0.0060546875 0.0109375