2 0.90625 0.3296875 0.0189453125 0.0529296875
1 0.3140625 0.8765625 0.0466796875 0.090234375
2 0.746875 0.24765625 0.009375 0.0421875
2 0.47421875 0.3125 0.0138671875 0.0529296875
2 0.74765625 0.41171875 0.0173828125 0.0638671875
2 0.453125 0.4046875 0.0123046875 0.0623046875
2 0.66640625 0.60078125 0.0142578125 0.0828125
2 0.99375 0.42578125 0.0125 0.0640625
1 0.6921875 0.43203125 0.016015625 0.065625
2 0.97734375 0.49609375 0.0201171875 0.0734375
2 0.628125 0.6484375 0.01875 0.0873046875
2 0.9078125 0.69296875 0.021875 0.0861328125
2 0.60546875 0.590625 0.0173828125 0.0751953125
2 0.75703125 0.50390625 0.0234375 0.0734375
2 0.584375 0.4578125 0.01875 0.0685546875
2 0.63984375 0.55390625 0.0205078125 0.0763671875
2 0.3640625 0.56328125 0.0283203125 0.0763671875
2 0.95078125 0.49609375 0.0232421875 0.0673828125
2 0.80625 0.78671875 0.030859375 0.090625
2 0.91328125 0.3609375 0.0201171875 0.0685546875
1 0.8546875 0.1515625 0.009375 0.0345703125
3 0.359375 0.59453125 0.009375 0.01875