2 0.52265625 0.2921875 0.0107421875 0.0375
2 0.53203125 0.30078125 0.0107421875 0.0388671875
2 0.2578125 0.28671875 0.0091796875 0.0357421875
2 0.2125 0.29765625 0.015625 0.0392578125
2 0.7921875 0.465625 0.0158203125 0.05625
2 0.20625 0.3390625 0.012109375 0.0435546875
0 0.88046875 0.29765625 0.0111328125 0.0392578125
2 0.6328125 0.28046875 0.0091796875 0.0388671875
2 0.6375 0.325 0.0123046875 0.04375
2 0.59609375 0.26484375 0.0078125 0.0375
2 0.18125 0.34375 0.012109375 0.04375
2 0.23515625 0.3203125 0.0138671875 0.0404296875
1 0.4390625 0.39375 0.0126953125 0.046875
2 0.29765625 0.3515625 0.009375 0.046875
2 0.7859375 0.27890625 0.0125 0.0361328125
2 0.20625 0.50234375 0.018359375 0.0576171875
2 0.18046875 0.425 0.0173828125 0.0501953125
2 0.36953125 0.38671875 0.0125 0.0486328125
2 0.334375 0.39375 0.012890625 0.0529296875
2 0.66328125 0.49140625 0.0111328125 0.0580078125
2 0.40546875 0.66796875 0.0140625 0.0796875
2 0.2328125 0.59375 0.021484375 0.0625
1 0.18828125 0.2703125 0.0140625 0.034375