2 0.503125 0.39140625 0.0064453125 0.0359375
2 0.30234375 0.465625 0.0111328125 0.0466796875
2 0.5390625 0.3328125 0.00625 0.0283203125
2 0.6140625 0.3796875 0.008984375 0.0375
0 0.9359375 0.43125 0.008984375 0.043359375
2 0.24296875 0.3640625 0.0111328125 0.040234375
2 0.28046875 0.38203125 0.0078125 0.0357421875
2 0.46484375 0.5546875 0.0109375 0.053125
2 0.28671875 0.46328125 0.0107421875 0.0453125
2 0.56328125 0.3765625 0.0080078125 0.0375
1 0.5296875 0.5046875 0.0095703125 0.05
2 0.6265625 0.50390625 0.009765625 0.0517578125
2 0.52265625 0.446875 0.0078125 0.0408203125
2 0.665625 0.4328125 0.006640625 0.046484375
2 0.675 0.66171875 0.0126953125 0.0640625
2 0.67265625 0.51328125 0.0107421875 0.053125
2 0.75703125 0.77734375 0.015625 0.0669921875
2 0.653125 0.43125 0.009375 0.0435546875
2 0.47109375 0.46796875 0.0107421875 0.0455078125
2 0.4796875 0.803125 0.0158203125 0.0751953125
2 0.1921875 0.6453125 0.015234375 0.0623046875
1 0.58984375 0.2984375 0.0076171875 0.0251953125
3 0.25 0.37578125 0.0033203125 0.009375
2 0.39140625 0.303125 0.0080078125 0.028125