1 0.80390625 0.08984375 0.0107421875 0.0357421875
2 0.4703125 0.16015625 0.0095703125 0.0453125
2 0.68515625 0.21171875 0.0111328125 0.0484375
2 0.53125 0.1609375 0.009375 0.0408203125
2 0.01796875 0.7203125 0.028125 0.0654296875
2 0.56484375 0.3171875 0.0171875 0.0595703125
2 0.515625 0.3078125 0.018359375 0.058984375
2 0.975 0.56640625 0.0248046875 0.075
2 0.24453125 0.28359375 0.0232421875 0.0578125
2 0.65390625 0.75234375 0.0173828125 0.0857421875
1 0.53046875 0.37265625 0.0173828125 0.0625
2 0.66015625 0.15078125 0.0107421875 0.0484375
2 0.81640625 0.22265625 0.0142578125 0.05
2 0.26796875 0.3734375 0.0201171875 0.0595703125
2 0.325 0.2359375 0.0185546875 0.058984375
2 0.85859375 0.32734375 0.01875 0.0625
2 0.8734375 0.66484375 0.0185546875 0.0828125
2 0.80859375 0.48671875 0.021875 0.0705078125
2 0.04765625 0.709375 0.0326171875 0.100390625
2 0.9828125 0.50859375 0.021484375 0.0796875
2 0.1328125 0.4578125 0.0185546875 0.071484375
2 0.6296875 0.49296875 0.028125 0.0734375