2 0.4359375 0.02578125 0.01875 0.0453125
2 0.47734375 0.15703125 0.015625 0.0517578125
2 0.7625 0.0859375 0.0154296875 0.058984375
2 0.571875 0.15859375 0.025 0.0578125
2 0.6875 0.24453125 0.018359375 0.0701171875
2 0.21328125 0.090625 0.0263671875 0.05
2 0.140625 0.3140625 0.025 0.0873046875
2 0.1890625 0.128125 0.0126953125 0.065625
2 0.2703125 0.0703125 0.0123046875 0.0564453125
2 0.15859375 0.33359375 0.0265625 0.0765625
2 0.8140625 0.2265625 0.015234375 0.071484375
2 0.6140625 0.11015625 0.015234375 0.059375
2 0.6390625 0.57109375 0.028515625 0.09375
1 0.00859375 0.8890625 0.0171875 0.125
2 0.45078125 0.14921875 0.01875 0.0578125
2 0.6609375 0.19921875 0.015234375 0.0671875
2 0.6015625 0.26015625 0.0158203125 0.0671875
1 0.54765625 0.25078125 0.0203125 0.0732421875
2 0.56796875 0.35078125 0.021875 0.0765625
2 0.71328125 0.29375 0.01875 0.075
2 0.40390625 0.4875 0.0375 0.0873046875
2 0.4734375 0.12578125 0.015234375 0.053125
3 0.45546875 0.1515625 0.00625 0.0095703125