2 0.52109375 0.28203125 0.0125 0.0544921875
2 0.18046875 0.27578125 0.0107421875 0.05
2 0.40234375 0.18203125 0.0107421875 0.0390625
2 0.66640625 0.246875 0.0107421875 0.0498046875
2 0.65078125 0.4265625 0.0140625 0.059375
2 0.51171875 0.29375 0.0232421875 0.037890625
0 0.946875 0.3 0.015625 0.05
2 0.21015625 0.2484375 0.0107421875 0.05
2 0.7453125 0.3140625 0.0123046875 0.0529296875
2 0.62265625 0.3234375 0.0138671875 0.053125
2 0.64453125 0.375 0.0171875 0.0501953125
2 0.440625 0.4421875 0.012890625 0.071875
2 0.16875 0.29453125 0.0125 0.05
2 0.76640625 0.625 0.0294921875 0.0720703125
1 0.51640625 0.40078125 0.015625 0.0576171875
2 0.421875 0.3578125 0.0125 0.0560546875
1 0.13203125 0.88125 0.0359375 0.099609375
2 0.60078125 0.5265625 0.0236328125 0.066015625
2 0.70234375 0.44609375 0.025 0.0640625
2 0.634375 0.6125 0.0376953125 0.074609375
2 0.1984375 0.4734375 0.01875 0.0720703125
2 0.234375 0.4953125 0.0189453125 0.0685546875
1 0.54921875 0.12421875 0.0107421875 0.0357421875
3 0.5421875 0.31484375 0.0060546875 0.0125
2 0.5203125 0.29296875 0.0123046875 0.0451171875