2 0.53828125 0.25078125 0.009375 0.0359375
2 0.546875 0.259375 0.009375 0.0373046875
2 0.284375 0.24609375 0.0091796875 0.034375
2 0.240625 0.25625 0.0154296875 0.0376953125
2 0.79609375 0.4171875 0.015625 0.0533203125
2 0.23515625 0.2953125 0.0107421875 0.040625
0 0.88125 0.25625 0.012109375 0.0376953125
2 0.64375 0.23984375 0.006640625 0.0361328125
2 0.6484375 0.28203125 0.009765625 0.0421875
2 0.60859375 0.225 0.0076171875 0.037109375
2 0.2109375 0.3 0.009765625 0.043359375
2 0.2625 0.278125 0.0125 0.0376953125
1 0.4578125 0.3484375 0.0126953125 0.046484375
2 0.32265625 0.3078125 0.009375 0.046484375
2 0.78984375 0.23828125 0.0111328125 0.0357421875
2 0.234375 0.45234375 0.0158203125 0.0546875
2 0.21015625 0.378125 0.0171875 0.0498046875
2 0.39140625 0.34140625 0.0111328125 0.046875
2 0.3578125 0.34765625 0.0126953125 0.05
2 0.67265625 0.4421875 0.0109375 0.05625
2 0.42578125 0.6109375 0.0138671875 0.0751953125
2 0.26015625 0.53984375 0.0201171875 0.0607421875
1 0.2171875 0.2296875 0.0126953125 0.033984375