2 0.321875 0.2265625 0.0091796875 0.03125
1 0.23515625 0.21015625 0.0107421875 0.0296875
2 0.29609375 0.23046875 0.0107421875 0.0328125
0 0.99453125 0.2703125 0.0109375 0.0435546875
2 0.4765625 0.2390625 0.0095703125 0.0375
2 0.61171875 0.22578125 0.0111328125 0.0392578125
2 0.3796875 0.26640625 0.008984375 0.0421875
2 0.4390625 0.30078125 0.009375 0.0423828125
1 0.4296875 0.321875 0.0123046875 0.044140625
2 0.7984375 0.23828125 0.0123046875 0.0390625
2 0.33515625 0.2484375 0.0125 0.033984375
2 0.24453125 0.37578125 0.0169921875 0.046875
2 0.640625 0.27109375 0.009375 0.0392578125
2 0.25 0.2546875 0.0095703125 0.034375
2 0.35703125 0.3 0.0111328125 0.044140625
2 0.67734375 0.24375 0.0109375 0.043359375
2 0.71328125 0.3765625 0.015625 0.053125
1 0.99609375 0.78203125 0.0078125 0.0861328125
2 0.19609375 0.3171875 0.0111328125 0.046875
2 0.69140625 0.4109375 0.0125 0.0560546875
2 0.50703125 0.5046875 0.0125 0.0625
2 0.21640625 0.4703125 0.015625 0.0560546875
3 0.30390625 0.2296875 0.0044921875 0.0064453125
2 0.246875 0.2515625 0.009375 0.0404296875
2 0.47578125 0.228125 0.0109375 0.037109375