0 0.9984375 0.38828125 0.0029296875 0.0482421875
2 0.70703125 0.2921875 0.0080078125 0.040625
2 0.378125 0.23046875 0.006640625 0.0298828125
2 0.665625 0.29609375 0.009375 0.04375
2 0.2640625 0.3640625 0.0123046875 0.04375
2 0.7875 0.4390625 0.009375 0.05625
2 0.2609375 0.31015625 0.0123046875 0.0421875
2 0.884375 0.39921875 0.012109375 0.05
2 0.3109375 0.41015625 0.0125 0.0421875
2 0.5625 0.36484375 0.012109375 0.0484375
2 0.7359375 0.459375 0.0125 0.05625
2 0.65 0.4625 0.0154296875 0.055859375
2 0.31015625 0.61875 0.015625 0.069140625
2 0.24765625 0.41171875 0.01875 0.05
2 0.48359375 0.371875 0.015625 0.0466796875
2 0.709375 0.6546875 0.0125 0.075
2 0.740625 0.675 0.0158203125 0.075390625
2 0.396875 0.55078125 0.012109375 0.065625
1 0.22421875 0.86875 0.0234375 0.090625
1 0.515625 0.42734375 0.015625 0.05625
2 0.25390625 0.61796875 0.0125 0.0703125
1 0.66953125 0.175 0.0080078125 0.0341796875