2 0.18359375 0.33515625 0.025 0.0638671875
2 0.66953125 0.08984375 0.0107421875 0.04375
0 0.0125 0.26328125 0.0125 0.0576171875
2 0.375 0.1765625 0.0125 0.0564453125
2 0.22578125 0.38359375 0.0171875 0.0640625
1 0.49453125 0.3453125 0.0111328125 0.0658203125
1 0.99453125 0.94375 0.0109375 0.1125
2 0.43046875 0.18125 0.0125 0.05
2 0.053125 0.60859375 0.021875 0.0859375
2 0.9203125 0.25625 0.0126953125 0.0626953125
2 0.9796875 0.321875 0.0123046875 0.074609375
2 0.5015625 0.22890625 0.0185546875 0.0576171875
2 0.15625 0.27109375 0.01875 0.0580078125
2 0.1875 0.38046875 0.0248046875 0.0625
2 0.21484375 0.403125 0.0171875 0.0716796875
2 0.95546875 0.2109375 0.0125 0.0564453125
2 0.66953125 0.35625 0.01875 0.06875
2 0.39296875 0.553125 0.0171875 0.080859375
2 0.15078125 0.5828125 0.0298828125 0.0783203125
2 0.85234375 0.54375 0.01875 0.09375
2 0.70234375 0.321875 0.0125 0.071875
2 0.784375 0.52578125 0.021875 0.0888671875
2 0.47265625 0.50859375 0.0267578125 0.0736328125
1 0.50625 0.0390625 0.012109375 0.0375
3 0.2203125 0.35625 0.0064453125 0.012109375