1 0.68203125 0.3375 0.0080078125 0.0310546875
2 0.38828125 0.39921875 0.0080078125 0.0392578125
2 0.57734375 0.44453125 0.0107421875 0.0423828125
2 0.4421875 0.39921875 0.008984375 0.0359375
2 0.471875 0.5375 0.0154296875 0.053125
2 0.428125 0.52890625 0.0154296875 0.0513671875
2 0.83203125 0.75625 0.0205078125 0.065625
2 0.18984375 0.5078125 0.0201171875 0.0501953125
2 0.55 0.91953125 0.0158203125 0.075
1 0.44140625 0.5859375 0.015625 0.053515625
2 0.55546875 0.390625 0.0080078125 0.0435546875
2 0.69296875 0.45390625 0.0138671875 0.04375
2 0.21015625 0.58671875 0.0171875 0.053125
2 0.26015625 0.465625 0.0169921875 0.0501953125
2 0.7296875 0.54609375 0.0158203125 0.0546875
2 0.74296875 0.84296875 0.015625 0.0732421875
2 0.6859375 0.6859375 0.0189453125 0.0625
2 0.01640625 0.88203125 0.028125 0.0890625
2 0.8390625 0.70546875 0.0185546875 0.0703125
2 0.09140625 0.66015625 0.0169921875 0.0611328125
2 0.528125 0.69140625 0.025 0.0642578125