2 0.68125 0.74609375 0.015625 0.0640625
2 0.234375 0.65625 0.0154296875 0.0560546875
2 0.28984375 0.5421875 0.0109375 0.0439453125
2 0.53046875 0.55390625 0.0107421875 0.0451171875
2 0.59296875 0.64140625 0.0125 0.0638671875
2 0.4640625 0.6578125 0.009765625 0.059375
2 0.45625 0.73828125 0.0154296875 0.0640625
2 0.25859375 0.67578125 0.0125 0.0638671875
1 0.39375 0.71328125 0.0126953125 0.0611328125
2 0.3328125 0.81875 0.0125 0.074609375
2 0.16640625 0.8453125 0.0294921875 0.0716796875
2 0.61328125 0.621875 0.0109375 0.0560546875
2 0.66015625 0.784375 0.0140625 0.068359375
2 0.72421875 0.85 0.015625 0.071875
2 0.67578125 0.9765625 0.0203125 0.046875
2 0.403125 0.85546875 0.015625 0.0763671875
2 0.34375 0.8625 0.0248046875 0.0779296875
2 0.971875 0.98359375 0.019140625 0.0328125
2 0.6765625 0.73125 0.016015625 0.0626953125
1 0.5625 0.45703125 0.006640625 0.0361328125