2 0.240625 0.3078125 0.0125 0.047265625
2 0.45546875 0.3421875 0.0140625 0.0470703125
2 0.36171875 0.25703125 0.0109375 0.0455078125
3 0.14296875 0.98125 0.0107421875 0.018359375
2 0.0984375 0.571875 0.0251953125 0.075390625
2 0.21171875 0.440625 0.01875 0.05625
2 0.60859375 0.3203125 0.0109375 0.0533203125
2 0.1828125 0.38984375 0.016015625 0.0546875
2 0.1421875 0.43203125 0.021875 0.0609375
2 0.671875 0.45703125 0.0125 0.0640625
2 0.04609375 0.8640625 0.0267578125 0.0966796875
2 0.2921875 0.3015625 0.015234375 0.0466796875
2 0.42109375 0.41953125 0.0173828125 0.0609375
2 0.5953125 0.6171875 0.021875 0.0779296875
2 0.37578125 0.4359375 0.0169921875 0.058984375
2 0.8875 0.6296875 0.0185546875 0.0720703125
1 0.4328125 0.50703125 0.0185546875 0.0669921875
2 0.046875 0.91953125 0.0345703125 0.10625
2 0.946875 0.6046875 0.028125 0.0779296875
2 0.70546875 0.5515625 0.0171875 0.0716796875
2 0.8265625 0.853125 0.034765625 0.0841796875
2 0.925 0.7578125 0.0251953125 0.078515625
1 0.6546875 0.21796875 0.0126953125 0.0390625