1 0.13125 0.35859375 0.012890625 0.0361328125
2 0.353125 0.396875 0.012109375 0.044140625
2 0.1890625 0.44140625 0.015625 0.0515625
2 0.196875 0.49140625 0.009375 0.0513671875
2 0.8859375 0.5515625 0.015234375 0.0626953125
2 0.33671875 0.4328125 0.0111328125 0.046484375
1 0.47421875 0.5828125 0.0138671875 0.0626953125
2 0.71875 0.46640625 0.009375 0.0576171875
2 0.46953125 0.5265625 0.0107421875 0.053125
2 0.115625 0.8640625 0.024609375 0.091015625
2 0.64375 0.44609375 0.015625 0.0548828125
2 0.1296875 0.51015625 0.015625 0.059375
2 0.29453125 0.6984375 0.015625 0.075
2 0.86484375 0.609375 0.015625 0.06875
2 0.4375 0.54375 0.0158203125 0.0626953125
2 0.45625 0.98046875 0.0314453125 0.0390625
2 0.09140625 0.590625 0.0171875 0.062109375
2 0.9375 0.75703125 0.021875 0.0828125
2 0.428125 0.70078125 0.019140625 0.0765625
2 0.0890625 0.72265625 0.0216796875 0.0765625
2 0.2609375 0.921875 0.01875 0.0966796875
3 0.99375 0.49453125 0.0064453125 0.0138671875