2 0.49765625 0.53828125 0.015625 0.0544921875
2 0.428125 0.36171875 0.0126953125 0.0375
2 0.66015625 0.509375 0.0109375 0.059375
2 0.65390625 0.64296875 0.025 0.0701171875
2 0.21640625 0.43984375 0.0107421875 0.0486328125
2 0.396875 0.43671875 0.012109375 0.05
2 0.64921875 0.509375 0.0138671875 0.0626953125
2 0.5890625 0.4359375 0.0123046875 0.0498046875
2 0.4984375 0.384375 0.0095703125 0.0466796875
1 0.5 0.559375 0.0158203125 0.0623046875
2 0.12421875 0.38828125 0.0138671875 0.0486328125
2 0.38984375 0.6390625 0.0111328125 0.066015625
2 0.2453125 0.48203125 0.009765625 0.0544921875
2 0.2203125 0.53828125 0.0125 0.0578125
2 0.41015625 0.58046875 0.0140625 0.065625
2 0.58125 0.59140625 0.0123046875 0.0640625
2 0.6609375 0.76875 0.0154296875 0.080859375
2 0.54296875 0.70859375 0.015625 0.0767578125
2 0.30390625 0.32421875 0.0142578125 0.0455078125
1 0.553125 0.328125 0.0123046875 0.0376953125