2 0.21171875 0.48515625 0.0111328125 0.0486328125
2 0.0359375 0.53359375 0.0158203125 0.05625
0 0.925 0.58125 0.012890625 0.05625
2 0.04375 0.5875 0.0095703125 0.055859375
2 0.7859375 0.6515625 0.0154296875 0.06875
2 0.19453125 0.52421875 0.0125 0.0486328125
1 0.34296875 0.68515625 0.0140625 0.06875
2 0.60546875 0.56015625 0.0107421875 0.0611328125
2 0.3375 0.625 0.012109375 0.0564453125
2 0.525 0.53828125 0.0158203125 0.0607421875
2 0.14921875 0.81015625 0.0169921875 0.08125
2 0.94921875 0.9546875 0.0205078125 0.090625
2 0.76328125 0.7140625 0.0169921875 0.0748046875
2 0.30234375 0.64296875 0.0171875 0.06875
2 0.84140625 0.87265625 0.0234375 0.0890625
2 0.29296875 0.8125 0.021875 0.0814453125
3 0.90234375 0.590625 0.0078125 0.012890625