2 0.85546875 0.39609375 0.0125 0.0486328125
2 0.63828125 0.43046875 0.0140625 0.0482421875
2 0.73359375 0.34375 0.0111328125 0.046875
2 0.9921875 0.6625 0.0154296875 0.0779296875
2 0.884375 0.5296875 0.0189453125 0.0564453125
2 0.484375 0.40859375 0.0123046875 0.0544921875
0 0.04609375 0.48984375 0.0169921875 0.0578125
2 0.91328125 0.47890625 0.0171875 0.0548828125
2 0.95390625 0.52109375 0.021875 0.0611328125
2 0.4203125 0.54609375 0.0125 0.0640625
2 0.803125 0.38984375 0.012890625 0.046875
2 0.6734375 0.50859375 0.0185546875 0.0611328125
2 0.49765625 0.70859375 0.021875 0.078125
2 0.71875 0.525 0.0158203125 0.056640625
2 0.203125 0.72109375 0.0185546875 0.0734375
1 0.6609375 0.596875 0.01875 0.068359375
2 0.14296875 0.69609375 0.028125 0.078125
2 0.38671875 0.6421875 0.0171875 0.071875
2 0.2640625 0.94609375 0.034765625 0.084375
2 0.16484375 0.85 0.0265625 0.0810546875
1 0.4375 0.3046875 0.0126953125 0.040234375