2 0.39375 0.32109375 0.009375 0.0330078125
2 0.74140625 0.39375 0.0107421875 0.0439453125
2 0.32109375 0.4875 0.0107421875 0.0501953125
2 0.271875 0.4046875 0.009375 0.0466796875
2 0.28203125 0.4734375 0.0125 0.0501953125
2 0.78984375 0.8578125 0.0169921875 0.0810546875
2 0.6703125 0.39765625 0.009765625 0.04375
1 0.43828125 0.52578125 0.0125 0.0580078125
2 0.83828125 0.53984375 0.015625 0.0609375
2 0.9671875 0.7046875 0.0220703125 0.0595703125
2 0.8984375 0.54140625 0.0123046875 0.0578125
2 0.58125 0.446875 0.0095703125 0.0498046875
2 0.38359375 0.48203125 0.0171875 0.0486328125
2 0.70703125 0.58203125 0.0265625 0.05625
2 0.265625 0.515625 0.018359375 0.0591796875
2 0.378125 0.73515625 0.018359375 0.0796875
2 0.2953125 0.74453125 0.021484375 0.08125
2 0.4421875 0.659375 0.0185546875 0.0720703125
2 0.68046875 0.5828125 0.0201171875 0.0595703125
2 0.76015625 0.82578125 0.0236328125 0.08125
1 0.20703125 0.978125 0.0298828125 0.04375
1 0.65234375 0.2796875 0.0107421875 0.03125