2 0.62265625 0.76640625 0.0111328125 0.0611328125
2 0.390625 0.5421875 0.006640625 0.0408203125
2 0.43203125 0.49375 0.0078125 0.031640625
2 0.51015625 0.62265625 0.0107421875 0.0455078125
2 0.63046875 0.4359375 0.009375 0.0345703125
0 0.06875 0.5859375 0.0125 0.0408203125
1 0.5078125 0.65390625 0.0123046875 0.0544921875
2 0.64453125 0.646875 0.009375 0.0560546875
2 0.509375 0.559375 0.012109375 0.04375
2 0.3453125 0.609375 0.0123046875 0.046875
2 0.4375 0.86328125 0.018359375 0.0703125
2 0.4375 0.53046875 0.0095703125 0.0419921875
2 0.3328125 0.74140625 0.0189453125 0.0638671875
2 0.69140625 0.55859375 0.009375 0.0419921875
2 0.6609375 0.6171875 0.0189453125 0.047265625
2 0.390625 0.5875 0.0123046875 0.0560546875
2 0.859375 0.565625 0.012109375 0.0498046875
2 0.85625 0.73125 0.012890625 0.0560546875
2 0.43203125 0.66328125 0.009375 0.0546875
2 0.8125 0.80234375 0.0158203125 0.0701171875
2 0.2546875 0.93828125 0.016015625 0.0736328125
2 0.56953125 0.965625 0.0232421875 0.06875
1 0.44140625 0.42109375 0.0076171875 0.0294921875
3 0.80625 0.815625 0.0060546875 0.012109375