1 0.3640625 0.5671875 0.0095703125 0.041015625
2 0.2703125 0.45703125 0.0091796875 0.0361328125
2 0.64375 0.425 0.0064453125 0.034375
2 0.35625 0.60546875 0.0095703125 0.053125
2 0.3703125 0.4015625 0.00625 0.03125
0 0.12265625 0.496875 0.009375 0.040625
2 0.2640625 0.47265625 0.009375 0.0421875
2 0.29765625 0.65 0.0205078125 0.053125
2 0.146875 0.50859375 0.0091796875 0.0421875
2 0.68125 0.47890625 0.009375 0.0451171875
2 0.42265625 0.5015625 0.009375 0.04375
2 0.06015625 0.5953125 0.009375 0.0533203125
2 0.59921875 0.4265625 0.009375 0.034765625
2 0.3828125 0.46328125 0.009375 0.0421875
2 0.48984375 0.51640625 0.009375 0.0421875
2 0.37578125 0.5890625 0.0171875 0.052734375
2 0.17109375 0.7421875 0.0140625 0.0658203125
2 0.6703125 0.596875 0.0123046875 0.053125
2 0.2984375 0.546875 0.0095703125 0.044140625
2 0.221875 0.625 0.0126953125 0.0529296875
1 0.7203125 0.95390625 0.0248046875 0.0798828125
2 0.44453125 0.59140625 0.0125 0.0548828125
2 0.45 0.71875 0.0216796875 0.0625
3 0.1328125 0.509375 0.003515625 0.0091796875
1 0.30703125 0.35703125 0.00625 0.0296875