2 0.6234375 0.5734375 0.0154296875 0.0408203125
1 0.15546875 0.98515625 0.0359375 0.0294921875
0 0.95078125 0.59140625 0.0111328125 0.0390625
2 0.49765625 0.509375 0.0078125 0.031640625
2 0.28203125 0.56015625 0.0107421875 0.0419921875
2 0.81328125 0.74765625 0.0201171875 0.05625
2 0.4984375 0.6390625 0.015234375 0.05
2 0.26484375 0.63359375 0.009375 0.0484375
2 0.434375 0.7875 0.0123046875 0.065625
2 0.69375 0.65 0.0125 0.0501953125
1 0.45390625 0.6546875 0.0138671875 0.052734375
2 0.6796875 0.70546875 0.015625 0.0578125
2 0.40390625 0.82578125 0.0142578125 0.06875
2 0.625 0.8609375 0.018359375 0.06875
2 0.3859375 0.78046875 0.015234375 0.0607421875
2 0.50546875 0.71171875 0.01875 0.0578125
2 0.36953125 0.675 0.0142578125 0.0533203125
2 0.4125 0.75078125 0.018359375 0.0607421875
2 0.1953125 0.75859375 0.0220703125 0.0607421875
2 0.953125 0.8046875 0.0154296875 0.0564453125
2 0.65859375 0.70546875 0.0173828125 0.0544921875
2 0.54453125 0.93515625 0.0234375 0.071875
2 0.62890625 0.5984375 0.0142578125 0.0533203125
1 0.5828125 0.4328125 0.008984375 0.028125
3 0.19140625 0.7828125 0.0078125 0.0154296875