2 0.265625 0.1984375 0.01875 0.03125
2 0.63671875 0.18984375 0.0080078125 0.0326171875
2 0.36953125 0.184375 0.0078125 0.0310546875
2 0.378125 0.1921875 0.0091796875 0.0314453125
2 0.646875 0.24609375 0.0123046875 0.0482421875
2 0.65 0.2875 0.0095703125 0.05
2 0.44375 0.28203125 0.009375 0.0482421875
2 0.62734375 0.19453125 0.0125 0.0375
2 0.446875 0.19296875 0.009375 0.0388671875
2 0.2859375 0.21015625 0.0126953125 0.0359375
2 0.3484375 0.2546875 0.009375 0.040625
2 0.72734375 0.56953125 0.0109375 0.0671875
2 0.49609375 0.2609375 0.0109375 0.046484375
2 0.18046875 0.32421875 0.0201171875 0.053125
2 0.596875 0.26640625 0.006640625 0.0482421875
0 0.99609375 0.2984375 0.0078125 0.0470703125
2 0.596875 0.334375 0.0126953125 0.0529296875
2 0.33046875 0.30234375 0.0138671875 0.0482421875
1 0.52109375 0.31953125 0.0125 0.0486328125
2 0.478125 0.42578125 0.015625 0.059375
2 0.2796875 0.421875 0.0126953125 0.065625
2 0.709375 0.440625 0.019140625 0.0591796875
1 0.6 0.15625 0.009375 0.0310546875
3 0.25625 0.2125 0.0060546875 0.012109375