2 0.74140625 0.1859375 0.0080078125 0.033984375
1 0.8328125 0.16875 0.009765625 0.03125
2 0.76796875 0.190625 0.0109375 0.0345703125
0 0.03125 0.2328125 0.0126953125 0.046484375
2 0.578125 0.19921875 0.0095703125 0.0390625
2 0.43515625 0.1859375 0.0125 0.041015625
2 0.6796875 0.228125 0.008984375 0.0439453125
2 0.6171875 0.2640625 0.0095703125 0.046484375
1 0.62734375 0.28671875 0.0125 0.0482421875
2 0.2390625 0.1984375 0.0125 0.0408203125
2 0.72734375 0.20859375 0.0138671875 0.0357421875
2 0.82265625 0.34375 0.0171875 0.0498046875
2 0.4046875 0.2328125 0.0095703125 0.041015625
2 0.81640625 0.215625 0.0107421875 0.037109375
2 0.70390625 0.26328125 0.0125 0.0482421875
2 0.36640625 0.20390625 0.0111328125 0.0451171875
2 0.32890625 0.34453125 0.0169921875 0.0548828125
1 0.02109375 0.77109375 0.028125 0.0919921875
2 0.8734375 0.28203125 0.0125 0.0486328125
2 0.3515625 0.38046875 0.0126953125 0.0580078125
2 0.5453125 0.4796875 0.0126953125 0.065625
2 0.8515625 0.44296875 0.0158203125 0.0580078125
3 0.76015625 0.18984375 0.0044921875 0.0076171875
2 0.81953125 0.21328125 0.0107421875 0.0421875
2 0.57890625 0.1875 0.0111328125 0.0376953125