2 0.6015625 0.4421875 0.0123046875 0.040234375
0 0.984375 0.43359375 0.0126953125 0.0390625
2 0.55078125 0.3140625 0.009375 0.0279296875
2 0.7203125 0.42109375 0.008984375 0.0423828125
2 0.715625 0.51953125 0.01875 0.0513671875
2 0.396875 0.37109375 0.0064453125 0.0359375
2 0.52890625 0.36875 0.0078125 0.0373046875
2 0.7125 0.421875 0.009375 0.0466796875
2 0.66875 0.36796875 0.0091796875 0.0359375
2 0.60234375 0.33046875 0.0076171875 0.0330078125
1 0.60390625 0.4578125 0.0111328125 0.046484375
2 0.10078125 0.41015625 0.0107421875 0.0423828125
2 0.3296875 0.33359375 0.009375 0.0359375
2 0.5234375 0.515625 0.0091796875 0.049609375
2 0.41796875 0.4015625 0.0078125 0.040234375
2 0.4 0.4421875 0.0091796875 0.041015625
2 0.53828125 0.4734375 0.0107421875 0.0470703125
2 0.6625 0.48125 0.0091796875 0.046875
1 0.0109375 0.8328125 0.021484375 0.08125
2 0.17890625 0.49921875 0.015625 0.0455078125
2 0.72109375 0.61015625 0.0109375 0.0578125
2 0.634375 0.56640625 0.0123046875 0.05625
2 0.52890625 0.8140625 0.028125 0.071484375
3 0.18515625 0.5171875 0.0048828125 0.009375
2 0.4609375 0.28671875 0.009765625 0.0330078125
1 0.6421875 0.28984375 0.0091796875 0.028125