2 0.52265625 0.721875 0.0109375 0.0591796875
2 0.30390625 0.509375 0.0076171875 0.0404296875
2 0.34296875 0.4640625 0.0076171875 0.03125
2 0.4171875 0.58515625 0.009375 0.04375
1 0.94453125 0.9171875 0.015625 0.0720703125
2 0.53046875 0.409375 0.0080078125 0.0341796875
0 0.003125 0.55078125 0.0060546875 0.0392578125
1 0.4140625 0.615625 0.009765625 0.0501953125
2 0.54375 0.60859375 0.0091796875 0.0517578125
2 0.415625 0.52578125 0.0095703125 0.0419921875
2 0.2609375 0.57265625 0.0123046875 0.0451171875
2 0.3484375 0.8125 0.015625 0.068359375
2 0.3484375 0.4984375 0.009375 0.0404296875
2 0.24921875 0.69765625 0.0173828125 0.059375
2 0.58828125 0.525 0.0080078125 0.0404296875
2 0.559375 0.58046875 0.0185546875 0.0453125
2 0.30390625 0.55234375 0.0109375 0.0517578125
0 0.89296875 0.52578125 0.0111328125 0.04375
2 0.746875 0.53125 0.0095703125 0.046875
2 0.74375 0.68828125 0.0126953125 0.0517578125
2 0.34296875 0.62421875 0.0080078125 0.0515625
2 0.703125 0.75546875 0.015625 0.065625
2 0.175 0.884375 0.015625 0.0689453125
2 0.4734375 0.91484375 0.021875 0.0736328125
1 0.3515625 0.3953125 0.0064453125 0.0279296875
3 0.696875 0.76796875 0.0060546875 0.0107421875