2 0.1015625 0.3203125 0.0125 0.0564453125
2 0.40234375 0.19765625 0.0109375 0.0421875
0 0.8484375 0.303125 0.015234375 0.062109375
2 0.15859375 0.24609375 0.009375 0.040625
2 0.2640625 0.32421875 0.0125 0.0576171875
2 0.7109375 0.540625 0.0185546875 0.0720703125
2 0.0484375 0.40703125 0.0126953125 0.0625
2 0.484375 0.32890625 0.0125 0.0517578125
2 0.40546875 0.4671875 0.0140625 0.071484375
2 0.26015625 0.40546875 0.0138671875 0.0625
2 0.33671875 0.55078125 0.0171875 0.071875
2 0.0140625 0.5515625 0.0125 0.0751953125
1 0.29921875 0.41796875 0.0140625 0.0609375
2 0.1390625 0.30390625 0.0123046875 0.0544921875
2 0.0828125 0.4125 0.015234375 0.068359375
2 0.4265625 0.328125 0.0189453125 0.049609375
2 0.76875 0.4328125 0.0126953125 0.0654296875
2 0.5140625 0.625 0.027734375 0.0845703125
2 0.12265625 0.4625 0.0142578125 0.06875
2 0.0703125 0.67890625 0.025 0.0828125
2 0.2921875 0.85625 0.0251953125 0.099609375
3 0.70390625 0.56015625 0.0076171875 0.0138671875
1 0.1640625 0.15625 0.009765625 0.037890625