1 0.8890625 0.75546875 0.015234375 0.059375
2 0.49140625 0.55234375 0.0107421875 0.0484375
2 0.9 0.809375 0.012890625 0.0751953125
2 0.8796875 0.51953125 0.009375 0.0451171875
2 0.98359375 0.87265625 0.0296875 0.0763671875
2 0.4390625 0.62890625 0.0126953125 0.0638671875
2 0.80625 0.6625 0.012890625 0.0625
2 0.55546875 0.55546875 0.0138671875 0.0515625
2 0.8625 0.60703125 0.0126953125 0.059375
2 0.71015625 0.6828125 0.0138671875 0.059375
2 0.87265625 0.78671875 0.0236328125 0.0732421875
2 0.45390625 0.79765625 0.0169921875 0.0763671875
2 0.9828125 0.72578125 0.015234375 0.0642578125
2 0.775 0.7890625 0.018359375 0.078125
2 0.7671875 0.9625 0.0310546875 0.0748046875
1 0.9703125 0.45703125 0.009375 0.0421875