2 0.72109375 0.15 0.0107421875 0.034375
0 0.07109375 0.30078125 0.0201171875 0.0515625
2 0.359375 0.22578125 0.012109375 0.046875
2 0.79609375 0.32265625 0.0109375 0.0517578125
2 0.84765625 0.23671875 0.009375 0.0482421875
2 0.8375 0.30859375 0.0125 0.0517578125
2 0.0265625 0.53203125 0.0283203125 0.0673828125
2 0.309375 0.7078125 0.018359375 0.0841796875
2 0.4328125 0.2296875 0.0123046875 0.046484375
1 0.675 0.36328125 0.0125 0.0609375
2 0.25859375 0.37734375 0.0169921875 0.0638671875
2 0.12421875 0.54921875 0.0234375 0.0625
2 0.19609375 0.37890625 0.0125 0.0607421875
2 0.52578125 0.28046875 0.0109375 0.0515625
2 0.73125 0.31796875 0.0185546875 0.0515625
2 0.3953125 0.421875 0.0279296875 0.0591796875
2 0.8546875 0.35234375 0.0185546875 0.0609375
2 0.73671875 0.58046875 0.0171875 0.0828125
2 0.82265625 0.590625 0.021875 0.0845703125
2 0.6703125 0.5015625 0.01875 0.075
2 0.42265625 0.421875 0.0203125 0.0625
2 0.33984375 0.675 0.0263671875 0.0845703125
1 0.91484375 0.8609375 0.03125 0.1001953125
1 0.4515625 0.10625 0.009765625 0.0314453125
3 0.00703125 0.55234375 0.0076171875 0.0138671875