2 0.50859375 0.37734375 0.0076171875 0.0357421875
2 0.315625 0.4484375 0.0123046875 0.0439453125
2 0.54375 0.3203125 0.00625 0.028125
0 0.015625 0.43046875 0.012109375 0.04375
2 0.615625 0.36640625 0.006640625 0.0359375
0 0.92578125 0.415625 0.0078125 0.040625
2 0.25859375 0.35078125 0.0111328125 0.0375
2 0.2953125 0.36796875 0.008984375 0.0330078125
2 0.471875 0.534375 0.0095703125 0.050390625
2 0.30078125 0.44609375 0.0107421875 0.04375
2 0.56640625 0.36328125 0.0078125 0.0359375
1 0.53515625 0.48671875 0.0107421875 0.0484375
2 0.628125 0.48515625 0.0095703125 0.05
2 0.52734375 0.43046875 0.0078125 0.0392578125
2 0.66484375 0.4171875 0.0078125 0.04375
2 0.67421875 0.6375 0.0125 0.0623046875
2 0.671875 0.49453125 0.0095703125 0.0515625
2 0.753125 0.7484375 0.0154296875 0.065234375
2 0.653125 0.415625 0.009375 0.0408203125
2 0.478125 0.45078125 0.0095703125 0.0451171875
2 0.4859375 0.7734375 0.015625 0.0720703125
2 0.21015625 0.62109375 0.0138671875 0.059375
1 0.59296875 0.2875 0.00625 0.025
3 0.265625 0.3625 0.0033203125 0.0091796875
2 0.4015625 0.2921875 0.008984375 0.0279296875