2 0.78359375 0.3765625 0.021875 0.053515625
2 0.36484375 0.16484375 0.009375 0.0375
0 0.93125 0.31484375 0.012109375 0.0486328125
2 0.61875 0.23984375 0.012109375 0.0486328125
2 0.746875 0.41875 0.0154296875 0.0560546875
1 0.51640625 0.3859375 0.0107421875 0.058984375
1 0.07734375 0.90703125 0.0263671875 0.1048828125
2 0.57109375 0.24375 0.0109375 0.0435546875
2 0.89609375 0.6125 0.01875 0.0748046875
2 0.14921875 0.30859375 0.0109375 0.0546875
2 0.09765625 0.36484375 0.0107421875 0.0638671875
2 0.51015625 0.28515625 0.015625 0.0486328125
2 0.80703125 0.32109375 0.0169921875 0.0513671875
2 0.78046875 0.415625 0.0203125 0.0533203125
2 0.75625 0.43515625 0.0154296875 0.0609375
2 0.11875 0.26953125 0.012109375 0.0486328125
2 0.365625 0.3953125 0.0158203125 0.059375
2 0.603125 0.56484375 0.0154296875 0.06875
2 0.81171875 0.590625 0.0265625 0.0685546875
2 0.20703125 0.55625 0.015625 0.08125
2 0.33671875 0.365625 0.0109375 0.0625
2 0.26640625 0.540625 0.01875 0.075390625
2 0.534375 0.5265625 0.024609375 0.065234375
1 0.50546875 0.12109375 0.009375 0.0326171875
3 0.75234375 0.3953125 0.0048828125 0.009375