2 0.67265625 0.3609375 0.0107421875 0.0373046875
2 0.309375 0.39140625 0.009375 0.0375
0 0.8421875 0.35078125 0.009375 0.0357421875
2 0.35234375 0.3140625 0.0078125 0.0341796875
2 0.25625 0.40234375 0.0095703125 0.04375
2 0.8234375 0.3609375 0.009765625 0.034765625
2 0.26328125 0.4375 0.0107421875 0.049609375
2 0.51796875 0.39140625 0.009375 0.0357421875
2 0.409375 0.35703125 0.0064453125 0.0357421875
2 0.66484375 0.36015625 0.0080078125 0.0390625
2 0.4984375 0.46484375 0.0123046875 0.0453125
2 0.70703125 0.44453125 0.009375 0.0482421875
2 0.54921875 0.7515625 0.0142578125 0.072265625
1 0.52109375 0.4234375 0.0111328125 0.0439453125
2 0.39140625 0.47265625 0.0109375 0.046875
2 0.28984375 0.35390625 0.0109375 0.0375
2 0.4859375 0.3953125 0.0123046875 0.0404296875
2 0.87578125 0.56875 0.015625 0.0595703125
2 0.23828125 0.49453125 0.0138671875 0.0548828125
2 0.81328125 0.58203125 0.0125 0.0576171875
2 0.28515625 0.61328125 0.0140625 0.0625
2 0.35546875 0.65546875 0.0171875 0.0671875
3 0.7546875 0.29921875 0.008984375 0.0142578125
1 0.24921875 0.30234375 0.009375 0.0330078125