2 0.71328125 0.13515625 0.0107421875 0.0451171875
0 0.8171875 0.15234375 0.009765625 0.0515625
2 0.67890625 0.0921875 0.009375 0.0439453125
2 0.628125 0.1109375 0.009375 0.0439453125
2 0.425 0.1046875 0.012109375 0.0376953125
2 0.5125 0.0953125 0.0091796875 0.040234375
2 0.5875 0.12578125 0.012109375 0.0451171875
2 0.54296875 0.21875 0.0107421875 0.044140625
2 0.89609375 0.26171875 0.0138671875 0.0580078125
2 0.30390625 0.11640625 0.0078125 0.0453125
2 0.3015625 0.2484375 0.009375 0.05625
2 0.53515625 0.19140625 0.009375 0.0484375
2 0.3296875 0.15390625 0.009375 0.05
2 0.59375 0.22890625 0.012109375 0.0576171875
2 0.128125 0.1828125 0.0126953125 0.0560546875
2 0.1265625 0.27265625 0.0095703125 0.0640625
2 0.31171875 0.209375 0.0109375 0.0560546875
2 0.2375 0.2984375 0.0126953125 0.065234375
2 0.6609375 0.315625 0.015625 0.059375
1 0.42265625 0.17421875 0.015625 0.05
2 0.69765625 0.38359375 0.015625 0.0705078125
2 0.2515625 0.41328125 0.0216796875 0.0734375
1 0.06171875 0.9203125 0.0236328125 0.1125
3 0.78203125 0.159375 0.0076171875 0.0123046875
1 0.584375 0.04296875 0.0091796875 0.0357421875