2 0.428125 0.4265625 0.006640625 0.0373046875
2 0.603125 0.384375 0.0064453125 0.030859375
2 0.61796875 0.5453125 0.0169921875 0.0470703125
2 0.38046875 0.46796875 0.0107421875 0.04375
2 0.36015625 0.46875 0.0107421875 0.0435546875
2 0.38125 0.55078125 0.0125 0.0515625
2 0.5765625 0.71953125 0.028125 0.0669921875
2 0.68828125 0.53203125 0.0109375 0.0578125
2 0.82265625 0.5625 0.0142578125 0.055859375
1 0.5765625 0.52109375 0.015234375 0.0578125
2 0.33515625 0.5515625 0.0125 0.0529296875
2 0.7796875 0.4703125 0.0125 0.046875
2 0.64140625 0.7765625 0.0267578125 0.0748046875
2 0.33359375 0.66796875 0.0169921875 0.0734375
2 0.73359375 0.7171875 0.0169921875 0.0720703125
2 0.5046875 0.76015625 0.0248046875 0.0892578125
2 0.35234375 0.66328125 0.0169921875 0.0794921875
2 0.54375 0.77109375 0.019140625 0.0796875
2 0.88203125 0.6328125 0.0232421875 0.071484375
2 0.621875 0.6546875 0.01875 0.0689453125
1 0.17265625 0.8328125 0.025 0.0939453125
2 0.68515625 0.515625 0.0125 0.0591796875
1 0.68828125 0.3625 0.0076171875 0.028125
3 0.63046875 0.80078125 0.0080078125 0.0140625