2 0.44375 0.33984375 0.0095703125 0.0390625
2 0.49765625 0.32109375 0.0140625 0.040625
1 0.31640625 0.29296875 0.0109375 0.0361328125
2 0.36875 0.35546875 0.0123046875 0.0390625
2 0.35859375 0.3546875 0.015625 0.040625
2 0.403125 0.31015625 0.0123046875 0.0361328125
2 0.5796875 0.33984375 0.0095703125 0.0423828125
2 0.6015625 0.34375 0.0123046875 0.04375
2 0.69453125 0.3796875 0.0125 0.0529296875
2 0.4515625 0.3625 0.0095703125 0.044140625
2 0.71484375 0.37421875 0.0140625 0.0484375
2 0.4703125 0.36328125 0.0125 0.0484375
1 0.571875 0.3859375 0.0158203125 0.053515625
2 0.8328125 0.4921875 0.0185546875 0.06875
2 0.5609375 0.42109375 0.0185546875 0.0576171875
2 0.928125 0.575 0.0158203125 0.078125
2 0.43359375 0.48515625 0.0111328125 0.0669921875
2 0.5046875 0.4265625 0.0123046875 0.0623046875
2 0.190625 0.415625 0.0185546875 0.0623046875
2 0.74765625 0.43828125 0.0125 0.0669921875
2 0.70859375 0.728125 0.0267578125 0.0966796875
2 0.1328125 0.56953125 0.0216796875 0.0857421875
3 0.35390625 0.3609375 0.0048828125 0.009765625