1 0.80625 0.3578125 0.0091796875 0.0375
0 0.0671875 0.44296875 0.0154296875 0.0453125
2 0.44140625 0.4265625 0.0125 0.0408203125
2 0.76796875 0.4171875 0.009375 0.04375
2 0.30078125 0.46953125 0.0125 0.0486328125
2 0.80625 0.65078125 0.0216796875 0.0673828125
2 0.06796875 0.5984375 0.028125 0.0716796875
2 0.6625 0.4015625 0.0095703125 0.040625
2 0.45703125 0.45625 0.0140625 0.049609375
2 0.55078125 0.57578125 0.0173828125 0.0638671875
2 0.79375 0.50703125 0.019140625 0.0548828125
1 0.515625 0.48359375 0.018359375 0.0517578125
2 0.3296875 0.490625 0.0125 0.0591796875
2 0.15 0.64921875 0.0158203125 0.0701171875
2 0.18046875 0.68046875 0.0173828125 0.0794921875
2 0.4140625 0.5734375 0.01875 0.065234375
2 0.69140625 0.5015625 0.0169921875 0.0501953125
2 0.7890625 0.659375 0.0220703125 0.0685546875
2 0.0953125 0.5609375 0.0158203125 0.0626953125
2 0.4828125 0.7046875 0.021484375 0.084375
2 0.6734375 0.6578125 0.021484375 0.078125
2 0.7171875 0.57265625 0.021875 0.0640625
3 0.93125 0.603125 0.012890625 0.024609375
2 0.41171875 0.55078125 0.0173828125 0.0669921875