2 0.53046875 0.42734375 0.009375 0.05
2 0.33984375 0.440625 0.009375 0.050390625
2 0.5953125 0.38046875 0.009375 0.0423828125
2 0.8421875 0.36875 0.009765625 0.040625
2 0.76953125 0.446875 0.0109375 0.050390625
2 0.45078125 0.5015625 0.0140625 0.0595703125
2 0.103125 0.546875 0.025390625 0.068359375
2 0.0703125 0.56328125 0.025 0.0642578125
2 0.98203125 0.39921875 0.0125 0.0482421875
2 0.81328125 0.6109375 0.0138671875 0.078125
1 0.61640625 0.5171875 0.0111328125 0.0626953125
2 0.77578125 0.51328125 0.0142578125 0.0642578125
2 0.99765625 0.52734375 0.0044921875 0.0625
2 0.37734375 0.5515625 0.0203125 0.066015625
2 0.27578125 0.675 0.025 0.08125
2 0.490625 0.79375 0.030859375 0.100390625
2 0.44453125 0.56640625 0.0265625 0.0673828125
2 0.16796875 0.7 0.0169921875 0.0876953125
2 0.68828125 0.75390625 0.028125 0.0953125
3 0.07421875 0.5421875 0.009375 0.015625
0 0.125 0.45546875 0.018359375 0.0580078125