3 0.0203125 0.6890625 0.008984375 0.015625
0 0.003125 0.42265625 0.00625 0.0515625
1 0.87421875 0.35078125 0.0078125 0.0357421875
2 0.66328125 0.3546875 0.00625 0.0345703125
2 0.7453125 0.3671875 0.015625 0.040625
2 0.23125 0.42109375 0.012109375 0.0513671875
2 0.428125 0.3640625 0.0091796875 0.0375
2 0.4515625 0.4015625 0.009375 0.0470703125
2 0.3625 0.47265625 0.0125 0.0517578125
2 0.125 0.59140625 0.0126953125 0.0794921875
2 0.86875 0.4859375 0.0185546875 0.059375
2 0.62578125 0.42421875 0.0111328125 0.0517578125
2 0.3015625 0.45390625 0.0123046875 0.0548828125
2 0.5796875 0.44453125 0.0123046875 0.053125
2 0.840625 0.44921875 0.012109375 0.053125
2 0.5203125 0.54296875 0.015625 0.0671875
1 0.521875 0.4875 0.0126953125 0.0623046875
2 0.265625 0.72421875 0.012890625 0.0826171875
2 0.496875 0.6828125 0.0154296875 0.0810546875
2 0.609375 0.53515625 0.0158203125 0.065625
2 0.9125 0.52890625 0.012890625 0.0703125
2 0.73984375 0.66484375 0.0203125 0.0890625
2 0.03203125 0.7640625 0.0232421875 0.0970703125