2 0.63515625 0.36015625 0.0107421875 0.034375
2 0.64375 0.3640625 0.006640625 0.0314453125
2 0.44921875 0.35234375 0.0109375 0.028125
2 0.4265625 0.35234375 0.016015625 0.03125
2 0.5140625 0.38203125 0.0125 0.0390625
2 0.3421875 0.3703125 0.0125 0.034375
2 0.56328125 0.43984375 0.0138671875 0.053125
2 0.47421875 0.378125 0.0109375 0.0408203125
2 0.49921875 0.3953125 0.0109375 0.041015625
2 0.8546875 0.5984375 0.0189453125 0.06875
0 0.08046875 0.39140625 0.0080078125 0.04375
2 0.78359375 0.46953125 0.0138671875 0.0544921875
2 0.746875 0.41171875 0.009375 0.0453125
2 0.29609375 0.4171875 0.0111328125 0.046875
2 0.7203125 0.415625 0.0126953125 0.0466796875
2 0.80546875 0.52265625 0.015625 0.0640625
2 0.3890625 0.47890625 0.015234375 0.0548828125
2 0.23203125 0.528125 0.0171875 0.0685546875
2 0.7078125 0.73828125 0.0248046875 0.0890625
3 0.36328125 0.3703125 0.0046875 0.009375
1 0.4 0.3359375 0.006640625 0.034765625
1 0.56484375 0.4203125 0.0169921875 0.041015625