2 0.6234375 0.39765625 0.009765625 0.0361328125
2 0.36328125 0.390625 0.0109375 0.037109375
2 0.41953125 0.38125 0.0078125 0.0375
1 0.13984375 0.38828125 0.0078125 0.0390625
2 0.396875 0.43671875 0.0095703125 0.0517578125
2 0.565625 0.42734375 0.009375 0.0482421875
2 0.51875 0.45078125 0.012109375 0.0482421875
2 0.6265625 0.4640625 0.0123046875 0.0533203125
2 0.503125 0.540625 0.0123046875 0.062890625
2 0.81171875 0.4578125 0.0111328125 0.052734375
2 0.790625 0.46640625 0.0126953125 0.0455078125
2 0.4828125 0.52734375 0.009765625 0.0580078125
2 0.12890625 0.50390625 0.0138671875 0.0640625
2 0.2390625 0.4515625 0.0123046875 0.0529296875
2 0.11015625 0.5015625 0.0138671875 0.058984375
1 0.53046875 0.484375 0.0140625 0.055859375
2 0.67421875 0.584375 0.0236328125 0.0689453125
2 0.15546875 0.5859375 0.0142578125 0.0689453125
2 0.36328125 0.61640625 0.0173828125 0.0732421875
2 0.33359375 0.72421875 0.0263671875 0.0765625
2 0.8546875 0.90625 0.0283203125 0.11875
3 0.909375 0.54921875 0.0064453125 0.0142578125