3 0.078125 0.63984375 0.009375 0.01875
0 0.053125 0.32421875 0.0154296875 0.0609375
2 0.83984375 0.24296875 0.0078125 0.0419921875
2 0.9375 0.2578125 0.01875 0.0470703125
2 0.328125 0.321875 0.0125 0.062109375
2 0.56171875 0.2546875 0.0107421875 0.0439453125
2 0.5890625 0.2984375 0.0123046875 0.0564453125
2 0.484375 0.38359375 0.0154296875 0.0611328125
2 0.20234375 0.52421875 0.015625 0.09375
2 0.79609375 0.325 0.0138671875 0.0623046875
2 0.41171875 0.3609375 0.0138671875 0.065625
2 0.74140625 0.35 0.0140625 0.0626953125
2 0.0421875 0.50625 0.033984375 0.0876953125
2 0.67109375 0.46640625 0.01875 0.0796875
1 0.67265625 0.4 0.015625 0.074609375
2 0.36875 0.68125 0.018359375 0.096875
2 0.64296875 0.6328125 0.0173828125 0.0966796875
2 0.7765625 0.45703125 0.0189453125 0.078125
2 0.93125 0.6109375 0.0248046875 0.10625
2 0.0921875 0.72890625 0.027734375 0.1169921875