1 0.93828125 0.41953125 0.0111328125 0.05
2 0.45 0.51171875 0.0158203125 0.0548828125
2 0.8875 0.4984375 0.0125 0.058984375
2 0.26171875 0.56875 0.0169921875 0.0658203125
2 0.93828125 0.81171875 0.028125 0.0919921875
2 0.7453125 0.478125 0.0126953125 0.0533203125
2 0.4703125 0.55078125 0.0189453125 0.0642578125
2 0.59609375 0.71171875 0.0236328125 0.084375
2 0.921875 0.61875 0.025390625 0.0748046875
1 0.54921875 0.58828125 0.0234375 0.0703125
2 0.30078125 0.596875 0.0169921875 0.078125
2 0.059375 0.809375 0.0220703125 0.0935546875
2 0.1 0.8515625 0.0248046875 0.1060546875
2 0.4140625 0.70859375 0.025 0.0859375
2 0.784375 0.61171875 0.0220703125 0.0671875
2 0.915625 0.8234375 0.0310546875 0.0908203125
2 0.50546875 0.884375 0.0265625 0.1125
2 0.76015625 0.82109375 0.0265625 0.1046875
2 0.81953125 0.70703125 0.0294921875 0.0859375
2 0.41015625 0.67734375 0.0234375 0.0888671875