2 0.6 0.34296875 0.0095703125 0.0330078125
0 0.98125 0.40078125 0.0158203125 0.0515625
2 0.3625 0.33671875 0.009375 0.0328125
2 0.41328125 0.328125 0.0076171875 0.034375
1 0.1578125 0.334375 0.0064453125 0.037109375
2 0.39296875 0.37890625 0.009375 0.0484375
2 0.546875 0.36953125 0.0091796875 0.0423828125
2 0.5046875 0.3921875 0.009375 0.0435546875
2 0.96328125 0.50703125 0.0142578125 0.0611328125
2 0.603125 0.403125 0.012109375 0.0498046875
2 0.48984375 0.4734375 0.0109375 0.0591796875
2 0.77265625 0.39765625 0.0109375 0.046875
2 0.753125 0.40546875 0.0125 0.0421875
2 0.471875 0.46171875 0.0095703125 0.0544921875
2 0.146875 0.43984375 0.0123046875 0.0580078125
2 0.2484375 0.3921875 0.009765625 0.047265625
2 0.1296875 0.43828125 0.0123046875 0.053125
1 0.51484375 0.421875 0.0138671875 0.05
2 0.64609375 0.51328125 0.021875 0.0638671875
2 0.171875 0.515625 0.0126953125 0.0626953125
2 0.3625 0.54296875 0.0158203125 0.0669921875
2 0.334375 0.6421875 0.024609375 0.071484375
2 0.8125 0.8078125 0.025390625 0.1091796875
3 0.8625 0.48203125 0.00625 0.0138671875