2 0.621875 0.365625 0.012109375 0.0310546875
1 0.35 0.31953125 0.0091796875 0.0298828125
2 0.59140625 0.37421875 0.0111328125 0.0421875
2 0.64609375 0.36953125 0.0080078125 0.04375
2 0.54921875 0.35625 0.0107421875 0.043359375
2 0.6203125 0.40390625 0.009765625 0.05625
2 0.471875 0.35390625 0.0095703125 0.0421875
2 0.78515625 0.39375 0.009375 0.0501953125
2 0.32734375 0.3765625 0.009375 0.0501953125
2 0.4453125 0.421875 0.015625 0.0533203125
2 0.753125 0.803125 0.025 0.10625
2 0.56796875 0.559375 0.015625 0.075390625
2 0.528125 0.41328125 0.0095703125 0.05625
2 0.68515625 0.4640625 0.01875 0.0625
2 0.7609375 0.396875 0.015625 0.053125
1 0.6578125 0.4171875 0.0123046875 0.058984375
2 0.91953125 0.4796875 0.0201171875 0.065625
2 0.58828125 0.50390625 0.0138671875 0.065625
2 0.22734375 0.45 0.0125 0.065625
2 0.953125 0.53203125 0.015625 0.0765625
2 0.103125 0.653125 0.028125 0.1
3 0.6171875 0.36875 0.0033203125 0.0091796875