2 0.18515625 0.40234375 0.0140625 0.0482421875
2 0.17265625 0.40703125 0.0109375 0.0453125
2 0.4453125 0.39140625 0.0154296875 0.0392578125
2 0.4765625 0.390625 0.022265625 0.04375
2 0.35390625 0.4328125 0.0173828125 0.0533203125
2 0.5953125 0.41640625 0.0185546875 0.0482421875
2 0.2859375 0.51328125 0.01875 0.0736328125
2 0.41015625 0.42734375 0.015625 0.0578125
2 0.375 0.4515625 0.015625 0.059375
0 0.9609375 0.44609375 0.0123046875 0.0609375
2 0.02890625 0.475 0.0125 0.0626953125
2 0.66015625 0.48125 0.0169921875 0.0658203125
2 0.06640625 0.4796875 0.01875 0.0654296875
2 0.5296875 0.56796875 0.021484375 0.078125
2 0.74921875 0.6375 0.0234375 0.094140625
2 0.084375 0.93125 0.034375 0.1248046875
3 0.565625 0.41640625 0.0064453125 0.0138671875
1 0.51484375 0.36875 0.0107421875 0.05
1 0.2828125 0.48671875 0.022265625 0.059375