2 0.34921875 0.45234375 0.0080078125 0.0392578125
2 0.5390625 0.40625 0.0064453125 0.0314453125
2 0.5546875 0.58046875 0.0185546875 0.0515625
2 0.296875 0.496875 0.012109375 0.0470703125
2 0.27421875 0.49765625 0.0109375 0.0455078125
2 0.29765625 0.5859375 0.0138671875 0.05625
2 0.509375 0.76875 0.0310546875 0.071875
2 0.63125 0.565625 0.0125 0.0625
2 0.7765625 0.5984375 0.0158203125 0.059375
1 0.51015625 0.55390625 0.0142578125 0.0625
2 0.2484375 0.58671875 0.015234375 0.0576171875
2 0.73046875 0.49921875 0.0138671875 0.0513671875
2 0.58046875 0.83125 0.0296875 0.0810546875
2 0.24609375 0.71328125 0.0173828125 0.0796875
2 0.6796875 0.76640625 0.0185546875 0.0794921875
2 0.43203125 0.81328125 0.0263671875 0.096875
2 0.26640625 0.70859375 0.0173828125 0.0857421875
2 0.47421875 0.82578125 0.021875 0.0859375
2 0.84140625 0.675 0.0236328125 0.075390625
2 0.55859375 0.69921875 0.0203125 0.0763671875
1 0.071875 0.89140625 0.0279296875 0.1017578125
2 0.62734375 0.54765625 0.0140625 0.0638671875
1 0.63125 0.3828125 0.0064453125 0.0310546875
3 0.56875 0.85703125 0.009375 0.0142578125