2 0.89921875 0.246875 0.0125 0.065625
1 0.48046875 0.18828125 0.0109375 0.0544921875
2 0.49140625 0.2453125 0.0109375 0.0595703125
2 0.83125 0.25078125 0.012890625 0.0638671875
2 0.61484375 0.234375 0.0171875 0.056640625
2 0.2203125 0.28203125 0.015234375 0.0671875
2 0.459375 0.25703125 0.015625 0.0705078125
2 0.68046875 0.25078125 0.0296875 0.0576171875
2 0.965625 0.3078125 0.018359375 0.075
2 0.621875 0.2828125 0.012890625 0.0720703125
2 0.28046875 0.390625 0.0201171875 0.09375
2 0.590625 0.2703125 0.021875 0.0564453125
2 0.9171875 0.31015625 0.015625 0.0798828125
2 0.34921875 0.303125 0.0142578125 0.08125
1 0.575 0.3421875 0.012890625 0.08125
2 0.59921875 0.33359375 0.0171875 0.078125
2 0.759375 0.32890625 0.018359375 0.0794921875
2 0.85703125 0.5765625 0.021875 0.116015625
2 0.5296875 0.68046875 0.0248046875 0.128125
2 0.3875 0.37421875 0.015625 0.0888671875
2 0.88984375 0.46328125 0.0236328125 0.109375
3 0.66171875 0.09140625 0.0048828125 0.0109375