2 0.7359375 0.14296875 0.0126953125 0.0703125
1 0.28984375 0.08046875 0.0111328125 0.0576171875
2 0.3015625 0.14140625 0.0123046875 0.0640625
2 0.6640625 0.146875 0.015625 0.0685546875
2 0.4328125 0.1296875 0.0185546875 0.0623046875
2 0.8828125 0.3140625 0.021875 0.1001953125
2 0.0140625 0.18046875 0.015625 0.0705078125
2 0.26796875 0.153125 0.0169921875 0.0751953125
2 0.503125 0.146875 0.03125 0.062109375
2 0.80703125 0.20703125 0.0173828125 0.0796875
2 0.440625 0.18125 0.0154296875 0.0779296875
2 0.078125 0.29609375 0.019140625 0.1
2 0.4078125 0.16796875 0.022265625 0.0609375
2 0.7546875 0.21015625 0.0158203125 0.0857421875
2 0.15078125 0.20234375 0.0169921875 0.0861328125
1 0.390625 0.24375 0.015625 0.0873046875
2 0.41640625 0.23515625 0.01875 0.0828125
2 0.58671875 0.2296875 0.01875 0.084375
2 0.690625 0.49375 0.024609375 0.125
2 0.34296875 0.60390625 0.0263671875 0.1361328125
2 0.19140625 0.278125 0.0169921875 0.09375
2 0.72578125 0.37265625 0.0263671875 0.1169921875