2 0.96875 0.5609375 0.0126953125 0.0560546875
2 0.91875 0.51875 0.015625 0.0498046875
2 0.65234375 0.51328125 0.0138671875 0.0453125
2 0.3578125 0.4703125 0.0125 0.0404296875
2 0.50625 0.4140625 0.006640625 0.0314453125
2 0.67265625 0.44765625 0.0111328125 0.0392578125
2 0.365625 0.56875 0.012890625 0.05625
2 0.54453125 0.44296875 0.0111328125 0.0388671875
2 0.63203125 0.475 0.009375 0.0404296875
2 0.1765625 0.428125 0.0091796875 0.0373046875
1 0.51328125 0.4875 0.0109375 0.044140625
2 0.37421875 0.58359375 0.0169921875 0.0515625
2 0.1828125 0.5453125 0.0095703125 0.052734375
2 0.28828125 0.40234375 0.00625 0.03125
2 0.6171875 0.5421875 0.015625 0.0529296875
2 0.15234375 0.5109375 0.0125 0.0529296875
2 0.80546875 0.61796875 0.015625 0.0642578125
2 0.3578125 0.6890625 0.0185546875 0.0751953125
2 0.1515625 0.58671875 0.0220703125 0.0625
2 0.76171875 0.6265625 0.0142578125 0.059765625
2 0.553125 0.6578125 0.018359375 0.06875
1 0.13515625 0.3875 0.009375 0.0345703125
0 0.8984375 0.47578125 0.015625 0.04375
3 0.46796875 0.4359375 0.0076171875 0.0126953125