1 0.84609375 0.38671875 0.0078125 0.028125
2 0.43671875 0.44140625 0.0078125 0.040625
2 0.28203125 0.453125 0.0078125 0.0408203125
2 0.48984375 0.40390625 0.0078125 0.0357421875
2 0.68984375 0.39453125 0.0080078125 0.0328125
2 0.63125 0.4578125 0.0091796875 0.0408203125
2 0.371875 0.5015625 0.0123046875 0.047265625
2 0.08984375 0.5390625 0.021875 0.053515625
2 0.06328125 0.55234375 0.0203125 0.0517578125
2 0.803125 0.41953125 0.0095703125 0.0390625
2 0.66640625 0.590625 0.0109375 0.0626953125
1 0.50625 0.51484375 0.009375 0.0515625
2 0.6359375 0.51171875 0.0123046875 0.0517578125
2 0.821875 0.5234375 0.0154296875 0.0501953125
2 0.83515625 0.49765625 0.0111328125 0.0515625
2 0.3125 0.54296875 0.0158203125 0.0546875
2 0.2296875 0.64296875 0.021484375 0.0669921875
2 0.4046875 0.7390625 0.0248046875 0.083984375
2 0.828125 0.57265625 0.015625 0.06875
2 0.3671875 0.5546875 0.0216796875 0.0560546875
2 0.14296875 0.66328125 0.0138671875 0.071875
2 0.56484375 0.70703125 0.0232421875 0.0767578125
3 0.06640625 0.53515625 0.0078125 0.0125
0 0.1078125 0.46484375 0.015234375 0.0482421875