2 0.7453125 0.475 0.009375 0.056640625
2 0.65625 0.3765625 0.012109375 0.0466796875
2 0.69921875 0.43984375 0.0125 0.065625
1 0.50234375 0.328125 0.0138671875 0.050390625
2 0.6953125 0.3828125 0.0154296875 0.0533203125
2 0.4765625 0.3734375 0.0154296875 0.0529296875
2 0.6046875 0.40625 0.015234375 0.062890625
2 0.628125 0.42265625 0.012109375 0.0640625
2 0.19765625 0.3984375 0.015625 0.059375
2 0.98203125 0.38203125 0.0125 0.0578125
2 0.7375 0.4921875 0.015625 0.078515625
0 0.1 0.396875 0.0251953125 0.0623046875
1 0.615625 0.465625 0.018359375 0.0779296875
2 0.43359375 0.51796875 0.0142578125 0.0826171875
2 0.32578125 0.44609375 0.025 0.0736328125
2 0.29375 0.57421875 0.019140625 0.0953125
2 0.99375 0.63125 0.0125 0.103125
2 0.84453125 0.91171875 0.0357421875 0.1357421875
3 0.40625 0.00390625 0.0060546875 0.0078125