2 0.94921875 0.5625 0.0138671875 0.055859375
2 0.89921875 0.52109375 0.015625 0.0486328125
2 0.6359375 0.51484375 0.0126953125 0.0453125
2 0.34453125 0.47265625 0.0125 0.0392578125
2 0.490625 0.4171875 0.0064453125 0.0314453125
2 0.65625 0.45 0.0123046875 0.0404296875
2 0.3515625 0.5703125 0.015234375 0.0560546875
2 0.52890625 0.4453125 0.0111328125 0.0375
2 0.61640625 0.47734375 0.009375 0.0392578125
2 0.16484375 0.43046875 0.0080078125 0.0361328125
1 0.4984375 0.48984375 0.009765625 0.0453125
2 0.3609375 0.584375 0.0158203125 0.0501953125
2 0.17109375 0.546875 0.0107421875 0.0501953125
2 0.27578125 0.40546875 0.0048828125 0.03125
2 0.60078125 0.54375 0.015625 0.050390625
2 0.14140625 0.5125 0.0125 0.050390625
2 0.7875 0.61875 0.015625 0.062890625
2 0.34453125 0.6890625 0.0173828125 0.075
2 0.140625 0.5875 0.021875 0.0625
2 0.74453125 0.62734375 0.0142578125 0.0607421875
2 0.53828125 0.6578125 0.0171875 0.0685546875
1 0.12421875 0.390625 0.009375 0.0345703125
0 0.8796875 0.478125 0.015625 0.0435546875
3 0.453125 0.4390625 0.0064453125 0.0126953125