2 0.6515625 0.465625 0.009765625 0.043359375
2 0.59296875 0.44453125 0.015625 0.0451171875
1 0.790625 0.4140625 0.0123046875 0.0404296875
2 0.7328125 0.48203125 0.0126953125 0.0421875
2 0.74453125 0.48125 0.0171875 0.0439453125
2 0.69609375 0.4328125 0.0138671875 0.0404296875
2 0.50390625 0.465625 0.0109375 0.046875
2 0.4796875 0.46953125 0.0125 0.0482421875
2 0.378125 0.50859375 0.012890625 0.0576171875
2 0.64296875 0.48984375 0.0109375 0.0486328125
2 0.35625 0.503125 0.0154296875 0.0529296875
2 0.62265625 0.490625 0.0140625 0.0529296875
1 0.51171875 0.51484375 0.0173828125 0.059375
2 0.22734375 0.63125 0.0201171875 0.075
2 0.52421875 0.55390625 0.0201171875 0.0625
2 0.1234375 0.72109375 0.016015625 0.0857421875
2 0.6625 0.6234375 0.0126953125 0.0720703125
2 0.58515625 0.559375 0.0138671875 0.068359375
2 0.92734375 0.54765625 0.0201171875 0.0671875
2 0.3203125 0.571875 0.015234375 0.0720703125
2 0.36328125 0.88828125 0.0298828125 0.1046875
2 0.98984375 0.71484375 0.0203125 0.0923828125
3 0.75 0.4875 0.0060546875 0.0125