2 0.678125 0.28828125 0.0126953125 0.0361328125
1 0.353125 0.23359375 0.012109375 0.0361328125
2 0.64140625 0.29921875 0.0138671875 0.0513671875
2 0.70703125 0.29296875 0.0107421875 0.0517578125
2 0.59140625 0.27734375 0.0125 0.0513671875
2 0.6765625 0.33359375 0.0126953125 0.0671875
2 0.49921875 0.275 0.0125 0.0501953125
2 0.87421875 0.321875 0.0111328125 0.062109375
2 0.325 0.3015625 0.0123046875 0.059765625
2 0.4671875 0.35546875 0.01875 0.0642578125
2 0.83515625 0.81171875 0.0298828125 0.1267578125
2 0.6140625 0.5203125 0.01875 0.0908203125
2 0.56640625 0.3453125 0.0125 0.066015625
2 0.7546875 0.40625 0.0220703125 0.075
2 0.84453125 0.32578125 0.01875 0.0638671875
1 0.72109375 0.35 0.0138671875 0.06875
2 0.6375 0.45390625 0.015625 0.0794921875
2 0.20625 0.3890625 0.0154296875 0.0783203125
2 0.05703125 0.63203125 0.0330078125 0.1201171875
3 0.67265625 0.2921875 0.0046875 0.0095703125