1 0.84140625 0.1953125 0.0173828125 0.0845703125
2 0.33125 0.4171875 0.025390625 0.1185546875
2 0.31484375 0.428125 0.0326171875 0.1095703125
2 0.72890625 0.25 0.0232421875 0.090625
2 0.6546875 0.37734375 0.0216796875 0.0955078125
2 0.68671875 0.4203125 0.0294921875 0.1125
2 0.78046875 0.34375 0.0390625 0.1029296875
2 0.84296875 0.2953125 0.0236328125 0.108984375
2 0.2140625 0.3109375 0.033984375 0.1
2 0.25859375 0.31875 0.0298828125 0.087890625
2 0.5265625 0.26953125 0.0216796875 0.10625
2 0.7640625 0.42421875 0.0314453125 0.1205078125
2 0.9859375 0.3796875 0.025 0.1279296875
2 0.93828125 0.46796875 0.0236328125 0.1267578125
2 0.96484375 0.315625 0.0296875 0.112890625
1 0.6703125 0.47421875 0.028515625 0.140625
2 0.3375 0.5265625 0.031640625 0.1591796875
2 0.1109375 0.5296875 0.034765625 0.1501953125
2 0.32890625 0.78515625 0.0544921875 0.1736328125
3 0.32421875 0.4765625 0.0107421875 0.0189453125