1 0.2546875 0.28671875 0.016015625 0.084375
2 0.759375 0.50625 0.025390625 0.118359375
2 0.77578125 0.5171875 0.03125 0.109375
2 0.365625 0.340625 0.0220703125 0.0904296875
2 0.4390625 0.4671875 0.0216796875 0.0939453125
2 0.40703125 0.509375 0.028125 0.1123046875
2 0.3140625 0.43359375 0.040234375 0.1015625
2 0.25234375 0.3859375 0.0236328125 0.10625
2 0.875 0.4015625 0.0314453125 0.097265625
2 0.83125 0.409375 0.030859375 0.0876953125
2 0.56640625 0.36015625 0.0205078125 0.1048828125
2 0.33046875 0.51328125 0.03125 0.1201171875
2 0.078125 0.45546875 0.0279296875 0.1138671875
2 0.1109375 0.46953125 0.025 0.1263671875
2 0.1578125 0.55625 0.0248046875 0.1251953125
2 0.13203125 0.40546875 0.0294921875 0.1138671875
1 0.4234375 0.56328125 0.0283203125 0.1390625
2 0.75234375 0.61484375 0.0326171875 0.1576171875
2 0.97734375 0.6171875 0.0359375 0.1498046875
2 0.02734375 0.87578125 0.034375 0.1732421875
2 0.7609375 0.87109375 0.053125 0.1732421875
3 0.765625 0.56484375 0.0095703125 0.0201171875