2 0.5734375 0.4125 0.0064453125 0.04375
2 0.50703125 0.33828125 0.0078125 0.0357421875
2 0.78125 0.35625 0.0154296875 0.0404296875
1 0.93828125 0.990625 0.0232421875 0.01875
2 0.5390625 0.38671875 0.009375 0.0486328125
1 0.390625 0.3015625 0.0095703125 0.040234375
2 0.5359375 0.34296875 0.0123046875 0.040625
2 0.37109375 0.3359375 0.0111328125 0.0404296875
2 0.46796875 0.3609375 0.0109375 0.047265625
2 0.79375 0.41171875 0.0095703125 0.05625
2 0.4859375 0.3734375 0.008984375 0.047265625
2 0.16171875 0.3546875 0.0111328125 0.0439453125
2 0.7515625 0.34296875 0.009375 0.04375
2 0.784375 0.41640625 0.0126953125 0.0576171875
2 0.56796875 0.42578125 0.0111328125 0.0607421875
0 0.08828125 0.35390625 0.0201171875 0.0455078125
1 0.47578125 0.40546875 0.0138671875 0.0578125
2 0.8140625 0.48828125 0.0125 0.06875
2 0.3390625 0.44453125 0.0123046875 0.0611328125
2 0.2578125 0.390625 0.01875 0.05625
2 0.79453125 0.59765625 0.0205078125 0.0857421875
2 0.234375 0.4875 0.0154296875 0.071875
2 0.76640625 0.5296875 0.0203125 0.0779296875
2 0.6484375 0.74140625 0.027734375 0.1015625
3 0.31875 0.05625 0.005859375 0.009375