2 0.24609375 0.17734375 0.0125 0.04375
2 0.0734375 0.1828125 0.016015625 0.0689453125
2 0.50546875 0.175 0.0111328125 0.0501953125
2 0.69921875 0.36796875 0.0232421875 0.08125
2 0.33515625 0.23671875 0.0111328125 0.0611328125
2 0.1484375 0.23671875 0.0123046875 0.0671875
2 0.5703125 0.2484375 0.0125 0.066015625
2 0.49609375 0.24296875 0.0140625 0.0625
2 0.2546875 0.2734375 0.016015625 0.0716796875
1 0.5296875 0.309375 0.015234375 0.0716796875
2 0.44921875 0.3375 0.015625 0.074609375
2 0.01796875 0.2453125 0.0138671875 0.065625
2 0.10546875 0.36640625 0.01875 0.0798828125
2 0.48046875 0.5234375 0.01875 0.0904296875
2 0.7484375 0.425 0.0158203125 0.0876953125
2 0.7734375 0.4609375 0.021875 0.0876953125
2 0.46015625 0.9265625 0.0296875 0.121484375
2 0.5953125 0.46796875 0.0216796875 0.090625
2 0.29921875 0.14609375 0.0125 0.0486328125
2 0.48359375 0.140625 0.0125 0.0498046875