1 0.921875 0.34921875 0.012109375 0.0392578125
2 0.40234375 0.46640625 0.0125 0.0451171875
0 0.19296875 0.4015625 0.0142578125 0.04375
2 0.4171875 0.46953125 0.0154296875 0.0421875
2 0.359375 0.4203125 0.0123046875 0.05
2 0.38125 0.4171875 0.012109375 0.04375
1 0.37265625 0.459375 0.0109375 0.05
2 0.325 0.4734375 0.0123046875 0.0470703125
2 0.8703125 0.49296875 0.009765625 0.0576171875
2 0.47578125 0.4765625 0.0125 0.0439453125
2 0.21796875 0.5171875 0.0125 0.0529296875
2 0.71328125 0.421875 0.0138671875 0.0439453125
2 0.54609375 0.528125 0.0140625 0.0529296875
2 0.190625 0.575 0.012109375 0.0560546875
2 0.60703125 0.4484375 0.0109375 0.0498046875
2 0.27578125 0.56953125 0.0125 0.0607421875
2 0.41953125 0.56015625 0.0140625 0.0548828125
2 0.8390625 0.5 0.0125 0.0560546875
2 0.746875 0.6203125 0.0158203125 0.0685546875
2 0.50546875 0.6125 0.0111328125 0.0685546875
2 0.71171875 0.6328125 0.0171875 0.0625
2 0.403125 0.42734375 0.0123046875 0.0515625