2 0.58828125 0.35 0.0169921875 0.0408203125
2 0.6 0.28203125 0.009375 0.0388671875
2 0.5015625 0.26953125 0.008984375 0.0330078125
2 0.72578125 0.30078125 0.0080078125 0.0423828125
2 0.7 0.37265625 0.012109375 0.0375
2 0.80625 0.39375 0.015625 0.0501953125
2 0.46640625 0.3078125 0.009375 0.0466796875
2 0.446875 0.35390625 0.0126953125 0.04375
2 0.58515625 0.434375 0.0125 0.0529296875
2 0.734375 0.29765625 0.009375 0.0451171875
2 0.646875 0.33359375 0.012109375 0.040625
2 0.325 0.421875 0.0095703125 0.0560546875
1 0.5375 0.359375 0.0095703125 0.0470703125
2 0.825 0.4125 0.0125 0.0564453125
2 0.82265625 0.33203125 0.0111328125 0.04375
2 0.36875 0.3546875 0.0123046875 0.05
2 0.4984375 0.3203125 0.0154296875 0.04375
2 0.39609375 0.3453125 0.0080078125 0.0466796875
2 0.81015625 0.48828125 0.0125 0.0640625
2 0.5 0.4 0.0126953125 0.0470703125
2 0.63828125 0.53515625 0.0173828125 0.0642578125
1 0.09609375 0.853125 0.0263671875 0.09375
3 0.5703125 0.35234375 0.008984375 0.015625
1 0.78984375 0.22578125 0.0111328125 0.0423828125