2 0.63515625 0.25 0.0078125 0.028125
2 0.6484375 0.26015625 0.0091796875 0.0298828125
2 0.53984375 0.31796875 0.0076171875 0.0388671875
2 0.534375 0.48046875 0.0123046875 0.0484375
2 0.70390625 0.31328125 0.0076171875 0.0357421875
2 0.72265625 0.39375 0.0080078125 0.044140625
2 0.5359375 0.36171875 0.0095703125 0.0390625
0 0.15390625 0.31953125 0.0107421875 0.040625
2 0.6671875 0.28203125 0.0091796875 0.0326171875
2 0.16484375 0.37734375 0.009375 0.0419921875
2 0.3875 0.3 0.0091796875 0.0376953125
2 0.71484375 0.35234375 0.009375 0.0390625
2 0.32421875 0.26015625 0.0078125 0.0330078125
2 0.7171875 0.475 0.0095703125 0.0466796875
2 0.6515625 0.4171875 0.0091796875 0.046875
0 0.99140625 0.390625 0.015625 0.044140625
2 0.425 0.33359375 0.0091796875 0.0361328125
2 0.12890625 0.625 0.0171875 0.0654296875
1 0.59921875 0.36640625 0.0080078125 0.0423828125
2 0.69453125 0.64921875 0.0169921875 0.0625
2 0.34609375 0.37109375 0.0078125 0.0423828125
3 0.175 0.39375 0.0060546875 0.012109375
2 0.48203125 0.2265625 0.0076171875 0.028515625
2 0.5484375 0.25546875 0.008984375 0.034375
1 0.67890625 0.23046875 0.0080078125 0.0298828125