2 0.70859375 0.22109375 0.0109375 0.04375
2 0.73984375 0.36875 0.0169921875 0.062890625
2 0.7890625 0.271875 0.0154296875 0.055859375
2 0.971875 0.45390625 0.0216796875 0.0673828125
2 0.82421875 0.446875 0.0265625 0.068359375
2 0.25546875 0.24296875 0.0125 0.0517578125
2 0.05078125 0.2828125 0.0125 0.0595703125
2 0.67578125 0.35078125 0.0142578125 0.0625
2 0.259375 0.3625 0.0125 0.053125
2 0.40546875 0.496875 0.0205078125 0.0595703125
2 0.10078125 0.3890625 0.0142578125 0.066015625
2 0.72421875 0.43125 0.0138671875 0.065625
2 0.85234375 0.52109375 0.021875 0.071875
1 0.653125 0.4328125 0.0158203125 0.0685546875
2 0.071875 0.5625 0.019140625 0.074609375
2 0.03359375 0.30546875 0.0169921875 0.0607421875
2 0.84921875 0.43515625 0.025 0.0673828125
2 0.0625 0.4515625 0.0220703125 0.0810546875
2 0.47265625 0.5640625 0.01875 0.084765625
2 0.31328125 0.20234375 0.0169921875 0.04375
1 0.62265625 0.09609375 0.0138671875 0.0423828125
3 0.73515625 0.53359375 0.0107421875 0.0203125