2 0.45859375 0.225 0.0080078125 0.030859375
2 0.4609375 0.44765625 0.0091796875 0.0486328125
2 0.471875 0.26796875 0.006640625 0.0296875
2 0.5640625 0.21953125 0.008984375 0.0296875
1 0.42734375 0.76640625 0.0173828125 0.0892578125
2 0.35703125 0.26875 0.0078125 0.0404296875
2 0.584375 0.2328125 0.0091796875 0.0283203125
2 0.3984375 0.2875 0.009375 0.0404296875
2 0.315625 0.34609375 0.006640625 0.0421875
2 0.63515625 0.29453125 0.0080078125 0.0388671875
0 0.02890625 0.31875 0.0111328125 0.040625
2 0.24609375 0.2578125 0.0080078125 0.034765625
2 0.6671875 0.43046875 0.0095703125 0.0484375
1 0.55 0.334375 0.0091796875 0.0435546875
2 0.409375 0.3390625 0.0091796875 0.0435546875
2 0.66328125 0.3578125 0.0107421875 0.0466796875
0 0.9546875 0.35390625 0.0125 0.0484375
2 0.5828125 0.390625 0.0095703125 0.049609375
2 0.4859375 0.3328125 0.009375 0.040625
2 0.653125 0.340625 0.0095703125 0.043359375
2 0.0875 0.39375 0.0091796875 0.05
2 0.3234375 0.7265625 0.01875 0.077734375
2 0.60703125 0.5453125 0.0169921875 0.05625
1 0.61171875 0.19765625 0.009375 0.0390625
2 0.39296875 0.20234375 0.0107421875 0.0392578125
3 0.25546875 0.275 0.0046875 0.009375