2 0.57265625 0.34375 0.0107421875 0.0498046875
0 0.2515625 0.33984375 0.015234375 0.04375
2 0.5671875 0.3359375 0.0095703125 0.0466796875
1 0.996875 0.2921875 0.00625 0.040625
2 0.97734375 0.39296875 0.0107421875 0.05
2 0.67421875 0.4625 0.015625 0.0470703125
2 0.9359375 0.534375 0.0125 0.062890625
1 0.6359375 0.40703125 0.0095703125 0.05
2 0.51171875 0.39609375 0.01875 0.0451171875
2 0.79375 0.35703125 0.0091796875 0.0419921875
2 0.44296875 0.42265625 0.01875 0.0486328125
2 0.94765625 0.4140625 0.0138671875 0.0501953125
2 0.8390625 0.3515625 0.0091796875 0.0466796875
2 0.79296875 0.4125 0.0109375 0.0439453125
2 0.4984375 0.37109375 0.015234375 0.0482421875
2 0.4625 0.484375 0.0091796875 0.0533203125
2 0.36328125 0.49609375 0.0111328125 0.0513671875
2 0.57578125 0.4875 0.009375 0.0466796875
2 0.55859375 0.42890625 0.0140625 0.0486328125
2 0.90546875 0.54609375 0.0111328125 0.05625
2 0.2515625 0.65546875 0.015625 0.0705078125
2 0.6828125 0.5453125 0.0123046875 0.066015625
1 0.10703125 0.73046875 0.0201171875 0.0859375
3 0.671875 0.4859375 0.00625 0.009765625
2 0.64140625 0.4078125 0.0138671875 0.0470703125