2 0.384375 0.41640625 0.012109375 0.0455078125
2 0.5890625 0.29140625 0.0095703125 0.0357421875
2 0.4421875 0.29765625 0.00625 0.03125
2 0.4609375 0.28046875 0.0091796875 0.0328125
2 0.38671875 0.39140625 0.0111328125 0.0513671875
2 0.55 0.31640625 0.009375 0.0357421875
2 0.79140625 0.296875 0.0109375 0.037109375
2 0.70234375 0.33125 0.0080078125 0.040625
2 0.61484375 0.52890625 0.0111328125 0.053125
2 0.8109375 0.40546875 0.0123046875 0.0486328125
2 0.6109375 0.4015625 0.0123046875 0.04375
0 0.05078125 0.42109375 0.015625 0.0484375
2 0.37578125 0.5234375 0.0111328125 0.0533203125
2 0.71484375 0.38046875 0.015625 0.0455078125
1 0.51484375 0.39765625 0.0109375 0.046875
2 0.46953125 0.47890625 0.0111328125 0.0546875
2 0.34453125 0.7421875 0.0234375 0.0716796875
2 0.8796875 0.69609375 0.0185546875 0.075
3 0.778125 0.3109375 0.005859375 0.009375
1 0.4203125 0.25625 0.0091796875 0.0341796875
2 0.55625 0.3390625 0.0126953125 0.0376953125
2 0.384375 0.365625 0.0095703125 0.0373046875
2 0.6859375 0.25859375 0.0064453125 0.0298828125