2 0.44765625 0.17109375 0.0107421875 0.0330078125
2 0.39765625 0.171875 0.009375 0.04375
2 0.77265625 0.2109375 0.0109375 0.047265625
2 0.15 0.3546875 0.028125 0.0560546875
2 0.378125 0.1875 0.0154296875 0.044140625
2 0.52109375 0.18125 0.0080078125 0.0439453125
2 0.559375 0.1796875 0.009375 0.052734375
2 0.6171875 0.22265625 0.0091796875 0.0453125
2 0.49140625 0.228125 0.0169921875 0.0375
2 0.75 0.25625 0.0126953125 0.050390625
2 0.4609375 0.2265625 0.021484375 0.047265625
2 0.54453125 0.21328125 0.0125 0.0453125
2 0.190625 0.30625 0.012890625 0.062109375
2 0.425 0.30703125 0.0125 0.0548828125
2 0.35625 0.40546875 0.0185546875 0.0673828125
2 0.1390625 0.37421875 0.0248046875 0.0640625
2 0.6578125 0.31796875 0.016015625 0.0609375
2 0.83046875 0.4375 0.021875 0.0716796875
1 0.3890625 0.27890625 0.0125 0.05625
2 0.30234375 0.315625 0.0142578125 0.0591796875
2 0.26953125 0.70625 0.0359375 0.1
3 0.5453125 0.23203125 0.003515625 0.0078125
1 0.7734375 0.1734375 0.009765625 0.0466796875