2 0.340625 0.2953125 0.0123046875 0.0439453125
0 0.05390625 0.3171875 0.0109375 0.0439453125
2 0.34921875 0.52890625 0.0205078125 0.0669921875
2 0.8 0.334375 0.012109375 0.0408203125
2 0.1546875 0.45078125 0.009375 0.05625
2 0.665625 0.28671875 0.0091796875 0.0361328125
2 0.81015625 0.346875 0.0080078125 0.0470703125
2 0.684375 0.409375 0.0158203125 0.05
2 0.2640625 0.309375 0.0091796875 0.0439453125
2 0.77109375 0.625 0.015625 0.0689453125
1 0.44921875 0.45859375 0.0203125 0.0484375
2 0.62578125 0.46484375 0.0111328125 0.0625
2 0.625 0.30625 0.012109375 0.0435546875
2 0.38671875 0.528125 0.0125 0.05625
2 0.33671875 0.384375 0.0107421875 0.050390625
2 0.2125 0.41015625 0.012109375 0.0546875
2 0.27734375 0.64296875 0.0169921875 0.0732421875
2 0.4359375 0.50546875 0.016015625 0.05625
2 0.815625 0.4765625 0.0158203125 0.059765625
2 0.22734375 0.6265625 0.034375 0.059765625
2 0.13828125 0.48671875 0.0138671875 0.0642578125
1 0.94140625 0.91484375 0.0326171875 0.1013671875
1 0.37109375 0.1796875 0.009375 0.034765625
2 0.3453125 0.51484375 0.025 0.0576171875
3 0.38125 0.565625 0.0060546875 0.0123046875