2 0.71484375 0.3921875 0.0080078125 0.0470703125
2 0.76875 0.35078125 0.0095703125 0.0455078125
2 0.88515625 0.43046875 0.0109375 0.0517578125
2 0.70390625 0.32109375 0.0080078125 0.0421875
2 0.62890625 0.3046875 0.0109375 0.0439453125
2 0.87578125 0.4375 0.0203125 0.055859375
2 0.50546875 0.3203125 0.009375 0.046484375
2 0.375 0.3484375 0.015625 0.052734375
2 0.22265625 0.29453125 0.009375 0.0421875
2 0.60625 0.2890625 0.009375 0.0466796875
1 0.59453125 0.375 0.0109375 0.049609375
2 0.1984375 0.3125 0.0126953125 0.044140625
2 0.36328125 0.37578125 0.0111328125 0.0515625
2 0.31015625 0.4546875 0.0169921875 0.0625
2 0.70546875 0.43671875 0.0138671875 0.0625
2 0.109375 0.371875 0.012109375 0.050390625
2 0.2953125 0.46953125 0.0185546875 0.0640625
0 0.74453125 0.29609375 0.0140625 0.0484375
2 0.7109375 0.30625 0.0125 0.0529296875
2 0.6703125 0.32734375 0.009765625 0.0515625
2 0.6703125 0.30546875 0.009765625 0.05
2 0.63359375 0.28671875 0.0109375 0.0482421875