2 0.32578125 0.29375 0.009375 0.0375
1 0.9515625 0.21015625 0.0123046875 0.0419921875
2 0.46953125 0.246875 0.0078125 0.0341796875
3 0.41875 0.2921875 0.006640625 0.0123046875
2 0.56328125 0.20390625 0.0111328125 0.034375
2 0.50234375 0.2671875 0.0111328125 0.0466796875
2 0.634375 0.2953125 0.012109375 0.0501953125
2 0.478125 0.38671875 0.0158203125 0.0515625
2 0.75078125 0.23046875 0.009375 0.0455078125
0 0.109375 0.2734375 0.0125 0.053125
2 0.790625 0.22734375 0.009375 0.0423828125
1 0.5203125 0.29921875 0.0123046875 0.05
2 0.7859375 0.284375 0.009375 0.05
2 0.5390625 0.21328125 0.0158203125 0.040625
2 0.45859375 0.290625 0.0142578125 0.05
2 0.86484375 0.31171875 0.0111328125 0.0486328125
2 0.95703125 0.27421875 0.0111328125 0.05
2 0.58125 0.33203125 0.01875 0.0513671875
2 0.31953125 0.32578125 0.0138671875 0.059375
2 0.77890625 0.3546875 0.0138671875 0.059375
2 0.2671875 0.34140625 0.015234375 0.0578125
2 0.71015625 0.3171875 0.0203125 0.046875
2 0.93359375 0.47421875 0.0232421875 0.0673828125
2 0.1875 0.64921875 0.03125 0.0765625