0 0.83046875 0.3109375 0.0125 0.028125
2 0.44375 0.2703125 0.00625 0.028515625
2 0.28125 0.34375 0.0064453125 0.0314453125
2 0.61953125 0.33359375 0.0107421875 0.0388671875
2 0.3046875 0.29765625 0.0064453125 0.0294921875
2 0.27890625 0.36953125 0.0080078125 0.0390625
2 0.44609375 0.3234375 0.00625 0.0373046875
0 0.01015625 0.39453125 0.0107421875 0.0421875
2 0.69921875 0.27421875 0.0080078125 0.03125
2 0.79375 0.3828125 0.009375 0.034765625
2 0.57109375 0.409375 0.0080078125 0.037890625
2 0.76171875 0.3765625 0.009375 0.0435546875
2 0.2546875 0.55625 0.0123046875 0.0529296875
2 0.465625 0.31953125 0.0091796875 0.034375
2 0.23359375 0.68203125 0.0125 0.059375
1 0.36953125 0.39375 0.009375 0.043359375
2 0.61953125 0.6140625 0.0203125 0.0623046875
2 0.64765625 0.40703125 0.0140625 0.0421875
2 0.2546875 0.43671875 0.008984375 0.05
2 0.31796875 0.49921875 0.0111328125 0.0515625
2 0.55 0.51796875 0.0123046875 0.0517578125
2 0.33125 0.29921875 0.0064453125 0.03125
1 0.3109375 0.23984375 0.00625 0.0267578125
3 0.790625 0.3390625 0.0033203125 0.00625