2 0.68515625 0.225 0.0142578125 0.046875
2 0.32421875 0.16484375 0.0142578125 0.0294921875
2 0.55546875 0.146875 0.0109375 0.040625
2 0.328125 0.21484375 0.009375 0.0451171875
2 0.51953125 0.14375 0.0125 0.0404296875
2 0.68671875 0.2578125 0.0138671875 0.05625
0 0.821875 0.16484375 0.009375 0.0423828125
2 0.15546875 0.19453125 0.0078125 0.0421875
2 0.596875 0.18203125 0.009375 0.0453125
2 0.34453125 0.25625 0.0111328125 0.0470703125
2 0.61328125 0.2234375 0.0080078125 0.046875
2 0.29609375 0.1640625 0.0080078125 0.0376953125
2 0.446875 0.18359375 0.012109375 0.0421875
2 0.51875 0.32890625 0.012109375 0.0607421875
2 0.17421875 0.2421875 0.0125 0.0498046875
2 0.8640625 0.43515625 0.0189453125 0.0638671875
2 0.55078125 0.31328125 0.0109375 0.0517578125
2 0.14921875 0.36796875 0.0142578125 0.0638671875
2 0.703125 0.3421875 0.0154296875 0.0564453125
1 0.50625 0.2625 0.015625 0.0533203125
2 0.73515625 0.3359375 0.0125 0.0625
3 0.3390625 0.12109375 0.00625 0.0111328125
2 0.1484375 0.346875 0.015234375 0.0625
1 0.12734375 0.12265625 0.0109375 0.040625