2 0.5125 0.24921875 0.0064453125 0.0357421875
2 0.2203125 0.3921875 0.009375 0.047265625
2 0.409375 0.29765625 0.0091796875 0.0388671875
2 0.22890625 0.39140625 0.0109375 0.0482421875
2 0.44375 0.3953125 0.009375 0.041015625
2 0.25703125 0.32265625 0.0080078125 0.0375
2 0.8 0.51953125 0.012890625 0.05625
2 0.4796875 0.36640625 0.0123046875 0.0453125
2 0.89609375 0.48203125 0.0111328125 0.0546875
2 0.3015625 0.3140625 0.0091796875 0.0404296875
2 0.203125 0.67890625 0.018359375 0.0673828125
2 0.63125 0.390625 0.0095703125 0.0470703125
2 0.60390625 0.56171875 0.0138671875 0.0607421875
1 0.34140625 0.45390625 0.009375 0.0517578125
2 0.65703125 0.6125 0.015625 0.0625
2 0.23828125 0.57109375 0.0138671875 0.0732421875
2 0.26015625 0.60078125 0.0140625 0.065625
2 0.75703125 0.31796875 0.009375 0.0453125
2 0.74140625 0.5375 0.0138671875 0.065625
2 0.62734375 0.6296875 0.0142578125 0.06875
2 0.1046875 0.8015625 0.022265625 0.072265625
1 0.28125 0.23671875 0.0091796875 0.0375
3 0.8921875 0.503125 0.0060546875 0.0126953125