0 0.165625 0.25 0.0154296875 0.0439453125
2 0.89296875 0.3296875 0.0109375 0.05625
2 0.6734375 0.2578125 0.0091796875 0.047265625
2 0.84921875 0.2203125 0.0080078125 0.0435546875
2 0.90625 0.37890625 0.0125 0.0625
2 0.63359375 0.18671875 0.0107421875 0.0419921875
2 0.4375 0.25390625 0.0095703125 0.0517578125
2 0.83125 0.22265625 0.0091796875 0.0451171875
2 0.93046875 0.546875 0.0138671875 0.071875
2 0.3 0.17734375 0.0123046875 0.0423828125
2 0.5 0.34765625 0.0126953125 0.05625
2 0.09140625 0.38203125 0.0205078125 0.059375
2 0.275 0.32265625 0.0126953125 0.05625
2 0.3859375 0.35390625 0.0125 0.0578125
2 0.82265625 0.48046875 0.0173828125 0.071875
1 0.74375 0.34375 0.0123046875 0.056640625
2 0.890625 0.77421875 0.0220703125 0.084375
2 0.37421875 0.69453125 0.028125 0.0888671875
2 0.53203125 0.5421875 0.0173828125 0.0751953125
1 0.86015625 0.15 0.0142578125 0.0529296875
2 0.88984375 0.3078125 0.0107421875 0.05625
2 0.49609375 0.13671875 0.0111328125 0.0451171875
2 0.6703125 0.23515625 0.0123046875 0.0513671875
3 0.17578125 0.26796875 0.0048828125 0.0125