0 0.07734375 0.34765625 0.0109375 0.0419921875
2 0.44140625 0.70859375 0.0263671875 0.0734375
2 0.66640625 0.30703125 0.0078125 0.0361328125
2 0.496875 0.53515625 0.019140625 0.0513671875
2 0.3984375 0.40859375 0.015234375 0.0451171875
2 0.40625 0.46640625 0.012890625 0.0486328125
2 0.34453125 0.31953125 0.0111328125 0.0375
2 0.49296875 0.2734375 0.0076171875 0.033984375
2 0.15625 0.484375 0.0095703125 0.0501953125
2 0.14765625 0.59140625 0.0203125 0.0517578125
2 0.65703125 0.43828125 0.0125 0.0517578125
1 0.528125 0.41953125 0.0091796875 0.0451171875
2 0.73359375 0.3296875 0.0107421875 0.0404296875
2 0.58515625 0.3765625 0.0109375 0.04375
2 0.33125 0.35625 0.0091796875 0.040625
2 0.721875 0.3984375 0.015625 0.0439453125
2 0.66953125 0.45390625 0.0140625 0.0392578125
2 0.5875 0.4796875 0.0158203125 0.0373046875
2 0.234375 0.6078125 0.01875 0.059375
2 0.775 0.42734375 0.0189453125 0.0451171875
2 0.50703125 0.61875 0.0265625 0.0625
1 0.875 0.85078125 0.028125 0.0861328125
2 0.0703125 0.4546875 0.015234375 0.0501953125
1 0.3296875 0.2234375 0.0091796875 0.0310546875