2 0.70859375 0.35 0.0109375 0.05
2 0.70234375 0.271875 0.0078125 0.0529296875
2 0.59921875 0.28828125 0.0142578125 0.053125
2 0.65390625 0.30859375 0.0107421875 0.0484375
2 0.75546875 0.29296875 0.0109375 0.0513671875
2 0.2125 0.24296875 0.012109375 0.05
2 0.7390625 0.30703125 0.015234375 0.0578125
2 0.77734375 0.35703125 0.0125 0.0607421875
2 0.66875 0.3234375 0.0123046875 0.05625
2 0.51484375 0.26953125 0.0140625 0.046875
2 0.35546875 0.42265625 0.0111328125 0.0701171875
1 0.596875 0.33671875 0.0125 0.0611328125
2 0.19296875 0.2734375 0.009375 0.0529296875
2 0.48359375 0.3140625 0.0111328125 0.0560546875
2 0.70234375 0.3828125 0.0171875 0.065234375
2 0.103125 0.3453125 0.012890625 0.0591796875
2 0.34296875 0.428125 0.0140625 0.071875
2 0.4359375 0.34609375 0.0123046875 0.0607421875
0 0.7625 0.24296875 0.012890625 0.05625
3 0.56171875 0.2453125 0.0076171875 0.0125
2 0.58515625 0.28125 0.01875 0.049609375
2 0.6140625 0.24375 0.015234375 0.0470703125
2 0.625 0.24765625 0.0158203125 0.0421875