0 0.05078125 0.11015625 0.0169921875 0.0359375
2 0.54921875 0.0578125 0.0078125 0.0376953125
2 0.75859375 0.15234375 0.0080078125 0.0419921875
2 0.3234375 0.13984375 0.0125 0.0486328125
2 0.728125 0.0921875 0.0091796875 0.0375
2 0.7625 0.1859375 0.0123046875 0.0501953125
2 0.546875 0.1265625 0.006640625 0.046875
2 0.2203125 0.0625 0.009765625 0.0404296875
2 0.0984375 0.203125 0.0125 0.0466796875
2 0.38515625 0.23671875 0.0111328125 0.0513671875
2 0.1390625 0.19453125 0.0125 0.0548828125
2 0.79296875 0.4265625 0.0142578125 0.0685546875
2 0.52109375 0.12109375 0.0111328125 0.0451171875
2 0.8203125 0.5890625 0.0158203125 0.0751953125
1 0.6453125 0.21640625 0.0125 0.0546875
2 0.3234375 0.5015625 0.027734375 0.078515625
2 0.2859375 0.23359375 0.0185546875 0.0546875
2 0.79375 0.27265625 0.0095703125 0.0640625
2 0.71171875 0.353125 0.0142578125 0.0658203125
2 0.4125 0.3765625 0.015625 0.0685546875
2 0.69375 0.09453125 0.009375 0.0392578125
1 0.72109375 0.01875 0.0078125 0.0345703125
3 0.10234375 0.14609375 0.0046875 0.0080078125