0 0.77421875 0.259375 0.0109375 0.0314453125
2 0.24921875 0.31640625 0.0078125 0.040625
2 0.40703125 0.26484375 0.00625 0.0357421875
2 0.2796875 0.2375 0.00625 0.03125
2 0.2390625 0.35234375 0.009375 0.0453125
2 0.4359375 0.21328125 0.0064453125 0.0296875
2 0.578125 0.26171875 0.0064453125 0.0388671875
2 0.29375 0.2390625 0.00625 0.0314453125
2 0.221875 0.47421875 0.009375 0.0517578125
2 0.67734375 0.20625 0.0080078125 0.03125
2 0.53203125 0.3296875 0.009375 0.040625
2 0.828125 0.3546875 0.0154296875 0.0435546875
2 0.6953125 0.31171875 0.009375 0.040625
2 0.61484375 0.334375 0.009375 0.043359375
2 0.3 0.42578125 0.0126953125 0.0517578125
1 0.35625 0.32734375 0.0091796875 0.0421875
2 0.25 0.63828125 0.0158203125 0.0609375
2 0.6234375 0.58125 0.021484375 0.062890625
2 0.509375 0.4703125 0.0126953125 0.053515625
1 0.271875 0.18671875 0.012109375 0.0388671875
2 0.25078125 0.30078125 0.0076171875 0.040625
2 0.5359375 0.17734375 0.0091796875 0.0326171875
2 0.409375 0.24765625 0.0091796875 0.0361328125
3 0.7671875 0.271875 0.0033203125 0.009375