2 0.5921875 0.340625 0.0095703125 0.03125
2 0.334375 0.38984375 0.0123046875 0.0453125
2 0.1765625 0.509375 0.016015625 0.053125
2 0.68828125 0.3515625 0.0109375 0.0375
2 0.50390625 0.4140625 0.0203125 0.0375
0 0.02265625 0.41328125 0.0111328125 0.0451171875
2 0.4265625 0.32421875 0.0091796875 0.0375
2 0.61796875 0.4375 0.0107421875 0.049609375
2 0.26953125 0.66328125 0.0111328125 0.0576171875
2 0.478125 0.44453125 0.012109375 0.040625
2 0.46015625 0.5578125 0.0111328125 0.0560546875
2 0.2109375 0.51953125 0.0095703125 0.053125
2 0.3234375 0.40078125 0.0126953125 0.0375
2 0.7484375 0.43515625 0.0091796875 0.0451171875
1 0.50078125 0.46171875 0.0109375 0.0515625
2 0.7109375 0.66953125 0.0189453125 0.0701171875
2 0.33125 0.6359375 0.0126953125 0.0564453125
2 0.70625 0.48359375 0.0126953125 0.0484375
2 0.52890625 0.51484375 0.0173828125 0.053125
2 0.7328125 0.59296875 0.01875 0.0625
1 0.93671875 0.821875 0.0236328125 0.0751953125
1 0.3265625 0.271875 0.0091796875 0.030859375
3 0.496875 0.403125 0.005859375 0.006640625
2 0.475 0.43125 0.009375 0.0375
2 0.746875 0.42109375 0.009375 0.04375