2 0.8015625 0.2109375 0.009765625 0.041015625
2 0.91875 0.2203125 0.0154296875 0.046484375
2 0.521875 0.275 0.0185546875 0.0404296875
2 0.5875 0.13359375 0.012109375 0.0357421875
2 0.5046875 0.3015625 0.021484375 0.0529296875
2 0.56796875 0.4921875 0.021875 0.066015625
2 0.8609375 0.203125 0.009765625 0.04375
2 0.83515625 0.25859375 0.0107421875 0.0392578125
2 0.65 0.1953125 0.0125 0.040234375
2 0.5140625 0.18359375 0.0154296875 0.0392578125
1 0.5828125 0.24609375 0.0189453125 0.05
2 0.61328125 0.14453125 0.0171875 0.0359375
2 0.6984375 0.3515625 0.0279296875 0.0658203125
2 0.31328125 0.49140625 0.015625 0.0703125
2 0.6375 0.31953125 0.0154296875 0.0544921875
2 0.96484375 0.3515625 0.015625 0.0625
2 0.96796875 0.2484375 0.0169921875 0.052734375
2 0.9859375 0.33046875 0.0158203125 0.05625
2 0.42734375 0.2796875 0.0111328125 0.0470703125
1 0.08046875 0.6625 0.0267578125 0.0845703125
2 0.34375 0.3515625 0.0095703125 0.0591796875
2 0.840625 0.1609375 0.012109375 0.04375
1 0.953125 0.1296875 0.0091796875 0.0408203125
3 0.49453125 0.32421875 0.00625 0.0107421875
0 0.14296875 0.22109375 0.015625 0.0515625