1 0.12265625 0.29453125 0.009375 0.034375
2 0.66953125 0.57421875 0.0173828125 0.0423828125
2 0.64296875 0.3734375 0.0142578125 0.041015625
0 0.78671875 0.340625 0.0125 0.0404296875
2 0.553125 0.36484375 0.0154296875 0.0455078125
2 0.63046875 0.37421875 0.0080078125 0.0453125
2 0.25859375 0.36171875 0.009375 0.0419921875
2 0.72734375 0.49296875 0.0107421875 0.0484375
2 0.6828125 0.56171875 0.0216796875 0.0607421875
2 0.3671875 0.41953125 0.0125 0.0482421875
2 0.5890625 0.3453125 0.009375 0.0404296875
1 0.540625 0.396875 0.009375 0.0470703125
2 0.43671875 0.47109375 0.0080078125 0.0544921875
2 0.63515625 0.46015625 0.0205078125 0.0455078125
2 0.35078125 0.3734375 0.0111328125 0.046484375
2 0.446875 0.55546875 0.0154296875 0.0609375
2 0.16015625 0.40078125 0.0138671875 0.0482421875
2 0.18125 0.409375 0.0095703125 0.049609375
2 0.47578125 0.40234375 0.0107421875 0.0453125
2 0.2171875 0.53046875 0.009765625 0.0609375
2 0.76015625 0.46953125 0.015625 0.0517578125
2 0.5703125 0.50703125 0.015625 0.0515625
2 0.2765625 0.5421875 0.016015625 0.0560546875
3 0.64296875 0.5578125 0.0078125 0.0125