1 0.99453125 0.046875 0.0109375 0.05
2 0.35859375 0.19140625 0.015625 0.0546875
0 0.10234375 0.11171875 0.01875 0.053125
2 0.37734375 0.1953125 0.01875 0.052734375
2 0.30625 0.134375 0.0154296875 0.0623046875
2 0.33359375 0.13046875 0.0140625 0.053125
1 0.321875 0.18203125 0.0126953125 0.0611328125
2 0.26484375 0.2 0.0142578125 0.0591796875
2 0.93203125 0.2234375 0.0138671875 0.0689453125
2 0.4484375 0.20390625 0.015625 0.0546875
2 0.13359375 0.253125 0.015625 0.062890625
2 0.7390625 0.13671875 0.0158203125 0.0546875
2 0.534375 0.2671875 0.018359375 0.065234375
2 0.1 0.3234375 0.012890625 0.0685546875
2 0.609375 0.16953125 0.0126953125 0.0607421875
2 0.20390625 0.31796875 0.015625 0.0734375
2 0.38046875 0.30625 0.0171875 0.0685546875
2 0.89375 0.23203125 0.015625 0.0673828125
2 0.78046875 0.37890625 0.0203125 0.0830078125
2 0.48515625 0.36953125 0.0142578125 0.0830078125
2 0.7375 0.39453125 0.0216796875 0.0765625
2 0.36015625 0.14375 0.0142578125 0.0625