2 0.41328125 0.37578125 0.0111328125 0.04375
2 0.40390625 0.26640625 0.0076171875 0.0357421875
2 0.2765625 0.28359375 0.0095703125 0.0390625
2 0.22890625 0.36953125 0.0107421875 0.0486328125
2 0.18515625 0.48984375 0.0138671875 0.0517578125
2 0.334375 0.67734375 0.0251953125 0.059375
2 0.4859375 0.32734375 0.009375 0.046875
2 0.6203125 0.36953125 0.009765625 0.0517578125
2 0.76484375 0.5171875 0.0142578125 0.065234375
2 0.69140625 0.725 0.0203125 0.0779296875
2 0.6515625 0.54453125 0.0158203125 0.059375
2 0.3171875 0.2671875 0.0091796875 0.040234375
2 0.21875 0.36875 0.0125 0.05
2 0.56484375 0.5390625 0.0169921875 0.058984375
1 0.36328125 0.4203125 0.0109375 0.0501953125
2 0.22265625 0.521875 0.0125 0.0533203125
2 0.72265625 0.29921875 0.009375 0.04375
2 0.77578125 0.7640625 0.0201171875 0.0783203125
2 0.85625 0.49453125 0.0216796875 0.0609375
3 0.7671875 0.78984375 0.008984375 0.015625
2 0.5078125 0.2171875 0.0095703125 0.040234375
1 0.2859375 0.2 0.0091796875 0.0375
2 0.3171875 0.6625 0.01875 0.065625