2 0.50390625 0.2390625 0.0078125 0.0279296875
2 0.5015625 0.44609375 0.008984375 0.0453125
2 0.49140625 0.27890625 0.0076171875 0.0267578125
2 0.40546875 0.234375 0.0076171875 0.0279296875
1 0.5328125 0.74140625 0.0158203125 0.0830078125
2 0.59765625 0.2796875 0.0078125 0.0373046875
2 0.38671875 0.24609375 0.0078125 0.0265625
2 0.56015625 0.296875 0.0080078125 0.0373046875
2 0.63671875 0.3515625 0.0078125 0.040234375
2 0.3390625 0.30390625 0.008984375 0.0357421875
0 0.903125 0.32578125 0.012109375 0.0388671875
2 0.7015625 0.26953125 0.008984375 0.0330078125
2 0.31015625 0.43046875 0.009375 0.0451171875
1 0.41875 0.340625 0.006640625 0.0404296875
2 0.54921875 0.3453125 0.0078125 0.0404296875
2 0.31328125 0.3625 0.009375 0.0435546875
0 0.04296875 0.35859375 0.0111328125 0.0451171875
2 0.38828125 0.39296875 0.009375 0.0451171875
2 0.47890625 0.3390625 0.0080078125 0.0376953125
2 0.32265625 0.34609375 0.009375 0.0390625
2 0.84921875 0.39609375 0.0078125 0.046875
2 0.6296875 0.7046875 0.0185546875 0.0716796875
2 0.365625 0.53671875 0.015625 0.0517578125
1 0.3609375 0.2140625 0.0091796875 0.034765625
2 0.5640625 0.21796875 0.009375 0.0361328125
3 0.69296875 0.2859375 0.0044921875 0.0091796875