2 0.54140625 0.36484375 0.0107421875 0.0390625
2 0.55 0.265625 0.00625 0.0314453125
0 0.99453125 0.36015625 0.0109375 0.0453125
2 0.66484375 0.28125 0.009375 0.037109375
2 0.7078125 0.35859375 0.009375 0.0451171875
2 0.74765625 0.46796875 0.0111328125 0.046875
2 0.6125 0.6375 0.024609375 0.0533203125
2 0.47578125 0.32109375 0.0080078125 0.0421875
2 0.35390625 0.359375 0.009375 0.046875
2 0.2234375 0.4921875 0.0126953125 0.058984375
2 0.28984375 0.68046875 0.01875 0.0703125
2 0.32578125 0.5171875 0.0142578125 0.0533203125
2 0.628125 0.2671875 0.006640625 0.034765625
2 0.7171875 0.3578125 0.0123046875 0.046484375
2 0.4046875 0.5125 0.0154296875 0.050390625
1 0.5859375 0.4046875 0.009375 0.0466796875
2 0.71328125 0.496875 0.0111328125 0.0498046875
2 0.26171875 0.2953125 0.0080078125 0.040234375
2 0.2140625 0.715625 0.0185546875 0.0716796875
2 0.140625 0.471875 0.01875 0.055859375
3 0.22109375 0.7390625 0.0076171875 0.015234375
2 0.45546875 0.221875 0.009375 0.037109375
1 0.65625 0.20546875 0.006640625 0.0330078125
2 0.628125 0.6234375 0.0158203125 0.059375