2 0.4953125 0.21953125 0.0095703125 0.0375
2 0.478125 0.23203125 0.012109375 0.0392578125
2 0.61953125 0.3078125 0.009375 0.05
2 0.6265625 0.52109375 0.0154296875 0.0638671875
2 0.40546875 0.30234375 0.009375 0.0455078125
2 0.38046875 0.4078125 0.0111328125 0.059375
2 0.625 0.36484375 0.0126953125 0.0515625
2 0.45390625 0.26171875 0.0111328125 0.0421875
2 0.81875 0.284375 0.012109375 0.05
2 0.390625 0.353125 0.0125 0.050390625
2 0.9015625 0.2328125 0.0095703125 0.04375
2 0.38828125 0.51328125 0.0138671875 0.0607421875
2 0.4734375 0.43828125 0.0123046875 0.0611328125
0 0.02890625 0.40390625 0.0203125 0.059375
2 0.7703125 0.328125 0.0123046875 0.0470703125
1 0.5421875 0.37109375 0.009765625 0.05625
2 0.41796875 0.74140625 0.021875 0.0826171875
2 0.8734375 0.378125 0.0095703125 0.05625
2 0.6953125 0.1890625 0.009375 0.0376953125
2 0.60859375 0.2265625 0.0107421875 0.046484375
1 0.4375 0.19375 0.012109375 0.0404296875