2 0.315625 0.315625 0.009375 0.040625
2 0.4984375 0.2046875 0.009375 0.03125
2 0.3671875 0.21015625 0.0060546875 0.028125
2 0.384375 0.19453125 0.0064453125 0.0294921875
2 0.31875 0.29375 0.0095703125 0.044140625
2 0.4640625 0.2265625 0.0091796875 0.03125
2 0.678125 0.209375 0.009375 0.0314453125
2 0.5984375 0.23984375 0.0064453125 0.0359375
2 0.52109375 0.415625 0.0107421875 0.046875
2 0.6953125 0.30625 0.009765625 0.04375
2 0.51796875 0.30234375 0.0109375 0.0390625
0 0.90390625 0.28359375 0.009375 0.0390625
2 0.90234375 0.38515625 0.0138671875 0.046875
0 0.0203125 0.31953125 0.015234375 0.0423828125
2 0.30859375 0.4109375 0.0107421875 0.0470703125
2 0.61015625 0.28359375 0.0140625 0.040625
1 0.43203125 0.29921875 0.009375 0.0421875
2 0.3921875 0.371875 0.0095703125 0.0498046875
2 0.28125 0.60546875 0.0216796875 0.0638671875
2 0.75703125 0.56484375 0.015625 0.0671875
3 0.66640625 0.221875 0.0046875 0.006640625
1 0.3484375 0.17265625 0.0064453125 0.0296875
2 0.46953125 0.246875 0.0111328125 0.034375
2 0.31640625 0.2703125 0.009375 0.033984375
2 0.584375 0.175 0.00625 0.0279296875