2 0.56796875 0.31171875 0.0109375 0.0517578125
0 0.91328125 0.3078125 0.0142578125 0.046875
2 0.57421875 0.303125 0.0109375 0.0498046875
1 0.11015625 0.25703125 0.0138671875 0.04375
2 0.134375 0.36484375 0.012109375 0.0544921875
2 0.459375 0.4390625 0.0158203125 0.052734375
2 0.17890625 0.515625 0.0138671875 0.06875
1 0.5 0.3796875 0.012109375 0.0533203125
2 0.634375 0.36796875 0.019140625 0.0482421875
2 0.33125 0.32578125 0.009375 0.0451171875
2 0.7078125 0.39609375 0.0189453125 0.0517578125
2 0.165625 0.38671875 0.012890625 0.0546875
2 0.28203125 0.3203125 0.009375 0.0498046875
2 0.33203125 0.3859375 0.0111328125 0.0470703125
2 0.6484375 0.340625 0.015625 0.050390625
2 0.68671875 0.46328125 0.009375 0.0580078125
2 0.79296875 0.475 0.0125 0.055859375
2 0.56484375 0.46640625 0.0107421875 0.0486328125
2 0.5828125 0.403125 0.0154296875 0.0529296875
2 0.2109375 0.52890625 0.0125 0.0607421875
2 0.9125 0.646875 0.0158203125 0.075390625
2 0.45 0.528125 0.0125 0.071875
3 0.4625 0.4640625 0.00625 0.0123046875
2 0.49453125 0.38046875 0.0140625 0.0515625