2 0.44921875 0.19140625 0.0076171875 0.034375
2 0.73671875 0.33203125 0.009375 0.0482421875
2 0.55078125 0.2390625 0.0078125 0.0376953125
2 0.728125 0.33125 0.012109375 0.046875
2 0.51640625 0.33515625 0.009375 0.0419921875
2 0.70078125 0.2640625 0.0078125 0.0373046875
2 0.165625 0.4578125 0.012890625 0.0560546875
2 0.48125 0.30703125 0.0123046875 0.0451171875
2 0.07109375 0.42109375 0.0111328125 0.0544921875
2 0.65703125 0.2546875 0.0080078125 0.040234375
2 0.75390625 0.61484375 0.0171875 0.0671875
2 0.33203125 0.33046875 0.0107421875 0.046875
2 0.35859375 0.49921875 0.0138671875 0.059375
1 0.6171875 0.39296875 0.009375 0.0515625
2 0.30625 0.55 0.0154296875 0.0623046875
2 0.71953125 0.50859375 0.0138671875 0.0705078125
2 0.69765625 0.53828125 0.0140625 0.0642578125
2 0.2078125 0.25859375 0.009375 0.0451171875
2 0.22265625 0.47578125 0.0138671875 0.0642578125
2 0.33515625 0.56640625 0.0140625 0.0673828125
2 0.85 0.7359375 0.024609375 0.0720703125
1 0.6765625 0.17890625 0.0091796875 0.0361328125
3 0.075 0.44140625 0.0060546875 0.0138671875