2 0.48125 0.2453125 0.018359375 0.04375
2 0.49296875 0.175 0.009375 0.0404296875
2 0.390625 0.16171875 0.006640625 0.034375
2 0.6234375 0.19453125 0.0091796875 0.0451171875
2 0.596875 0.26875 0.012109375 0.037890625
2 0.7078125 0.29140625 0.0158203125 0.053125
2 0.35390625 0.2015625 0.009375 0.0470703125
2 0.33359375 0.24921875 0.0138671875 0.0453125
2 0.478125 0.3328125 0.0125 0.0533203125
2 0.6328125 0.19140625 0.009375 0.046875
2 0.5421875 0.228125 0.009765625 0.043359375
2 0.20703125 0.3203125 0.0107421875 0.058984375
1 0.428125 0.2546875 0.0095703125 0.05
2 0.72734375 0.3109375 0.0125 0.059375
2 0.725 0.2265625 0.0125 0.046484375
2 0.25234375 0.25078125 0.0125 0.0517578125
2 0.3875 0.21484375 0.015625 0.0453125
2 0.28046875 0.240625 0.009375 0.0470703125
2 0.71171875 0.3890625 0.0125 0.0658203125
2 0.3890625 0.296875 0.015234375 0.05
2 0.5328125 0.43828125 0.0185546875 0.0671875
3 0.4625 0.24765625 0.006640625 0.0169921875
1 0.690625 0.11640625 0.0125 0.0451171875