0 0.27890625 0.3390625 0.0111328125 0.040234375
2 0.36015625 0.40625 0.0140625 0.0373046875
2 0.38828125 0.48359375 0.0107421875 0.0361328125
2 0.515625 0.31015625 0.006640625 0.0326171875
2 0.8046875 0.3921875 0.0095703125 0.034375
2 0.496875 0.31796875 0.009375 0.0267578125
2 0.6921875 0.39375 0.008984375 0.0345703125
2 0.4046875 0.403125 0.0095703125 0.0373046875
2 0.7890625 0.340625 0.0064453125 0.028125
2 0.77734375 0.3796875 0.009375 0.0345703125
2 0.36171875 0.446875 0.015625 0.0375
2 0.853125 0.50078125 0.0091796875 0.0486328125
2 0.25 0.54609375 0.009375 0.053125
2 0.6984375 0.425 0.009375 0.0375
1 0.4828125 0.40703125 0.0091796875 0.0361328125
2 0.52109375 0.47734375 0.0111328125 0.0453125
2 0.58203125 0.35546875 0.0109375 0.0326171875
2 0.8625 0.4125 0.0123046875 0.040625
2 0.5 0.4625 0.015625 0.040625
1 0.12734375 0.6 0.0171875 0.059375
3 0.55078125 0.29921875 0.0048828125 0.0125
2 0.4328125 0.3625 0.0123046875 0.037890625
2 0.38828125 0.503125 0.0205078125 0.0248046875
1 0.85859375 0.3078125 0.0109375 0.034375
2 0.8484375 0.49140625 0.009375 0.046875