2 0.4109375 0.3625 0.0123046875 0.0375
2 0.725 0.42265625 0.0154296875 0.0548828125
2 0.9171875 0.56796875 0.021484375 0.0642578125
2 0.29375 0.37578125 0.0126953125 0.0455078125
2 0.51875 0.45234375 0.0248046875 0.0455078125
2 0.6125 0.34296875 0.012109375 0.0455078125
2 0.37890625 0.4796875 0.0125 0.0591796875
2 0.80390625 0.7546875 0.0142578125 0.0689453125
2 0.55 0.4890625 0.0126953125 0.0498046875
2 0.571875 0.6265625 0.0154296875 0.066015625
2 0.87578125 0.58046875 0.0111328125 0.0642578125
2 0.73828125 0.4359375 0.015625 0.0466796875
2 0.2203125 0.47734375 0.009765625 0.0544921875
1 0.521875 0.51015625 0.0126953125 0.0625
2 0.26640625 0.7625 0.0236328125 0.084375
2 0.72890625 0.721875 0.0169921875 0.0689453125
2 0.271875 0.53671875 0.015625 0.0580078125
2 0.48828125 0.575 0.021875 0.0654296875
2 0.2390625 0.6703125 0.0220703125 0.077734375
1 0.73515625 0.2796875 0.0109375 0.0373046875
3 0.5265625 0.4390625 0.0060546875 0.009375
2 0.55390625 0.47265625 0.0109375 0.0455078125
2 0.22265625 0.4609375 0.0109375 0.053125