2 0.63828125 0.17265625 0.0107421875 0.046875
2 0.5421875 0.1578125 0.009765625 0.03125
2 0.42578125 0.21015625 0.0078125 0.0484375
2 0.5234375 0.15546875 0.009375 0.0419921875
2 0.62734375 0.171875 0.009375 0.04375
2 0.6453125 0.1625 0.0158203125 0.03125
2 0.3109375 0.1828125 0.008984375 0.05
1 0.29375 0.1640625 0.0095703125 0.0408203125
2 0.28984375 0.23671875 0.009375 0.05
2 0.54609375 0.21875 0.0080078125 0.0470703125
2 0.4953125 0.23046875 0.009375 0.0513671875
2 0.909375 0.37890625 0.012890625 0.0669921875
2 0.63359375 0.29453125 0.0125 0.05625
2 0.39140625 0.3078125 0.0111328125 0.0595703125
2 0.8359375 0.30703125 0.0125 0.0640625
2 0.22578125 0.459375 0.0201171875 0.0751953125
2 0.87890625 0.353125 0.0138671875 0.065625
1 0.69609375 0.26171875 0.0125 0.05625
2 0.6859375 0.4125 0.0185546875 0.068359375
2 0.31875 0.984375 0.025 0.03125
2 0.7890625 0.3875 0.016015625 0.0689453125
2 0.740625 0.7359375 0.025 0.0939453125
3 0.57109375 0.16875 0.0048828125 0.0123046875
2 0.6296875 0.1546875 0.008984375 0.0376953125