2 0.6546875 0.26796875 0.015625 0.0576171875
2 0.64296875 0.56953125 0.0267578125 0.0859375
2 0.06015625 0.31875 0.0140625 0.053125
2 0.89375 0.46953125 0.0125 0.0732421875
2 0.2328125 0.2578125 0.0123046875 0.0470703125
2 0.04609375 0.33515625 0.0111328125 0.0611328125
2 0.20859375 0.415625 0.021875 0.062890625
2 0.753125 0.28671875 0.0123046875 0.0576171875
2 0.09765625 0.69375 0.0203125 0.0904296875
1 0.5140625 0.4796875 0.0251953125 0.0625
2 0.28515625 0.48671875 0.015625 0.0798828125
2 0.2859375 0.28203125 0.015234375 0.05625
2 0.59375 0.56875 0.0158203125 0.0720703125
2 0.65859375 0.3828125 0.0138671875 0.066015625
2 0.81875 0.41640625 0.0154296875 0.0705078125
2 0.73515625 0.71796875 0.0205078125 0.0951171875
2 0.53046875 0.540625 0.0232421875 0.0720703125
2 0.0390625 0.50234375 0.021875 0.0794921875
2 0.8 0.696875 0.0439453125 0.0783203125
2 0.915625 0.515625 0.0185546875 0.0841796875
1 0.6140625 0.11875 0.0125 0.0466796875
2 0.6484375 0.5515625 0.0314453125 0.072265625
3 0.6015625 0.6171875 0.0064453125 0.0154296875