2 0.64296875 0.35703125 0.0080078125 0.0330078125
2 0.7359375 0.36328125 0.0123046875 0.0359375
2 0.42265625 0.40703125 0.0140625 0.03125
2 0.47421875 0.2953125 0.0080078125 0.0279296875
2 0.40859375 0.428125 0.0169921875 0.0408203125
2 0.45859375 0.57890625 0.0171875 0.053125
2 0.68984375 0.35 0.0080078125 0.034375
2 0.6703125 0.39453125 0.008984375 0.03125
2 0.5234375 0.34453125 0.0095703125 0.0298828125
2 0.415625 0.33515625 0.0123046875 0.03125
1 0.4703125 0.384375 0.015625 0.0404296875
2 0.49453125 0.30390625 0.0138671875 0.0294921875
2 0.56171875 0.46796875 0.021875 0.0517578125
2 0.2578125 0.578125 0.0125 0.0560546875
2 0.51328125 0.4421875 0.0111328125 0.041015625
2 0.771875 0.4671875 0.0125 0.0498046875
2 0.775 0.3859375 0.0125 0.040625
2 0.7890625 0.45078125 0.0125 0.0451171875
2 0.34765625 0.4109375 0.009375 0.0375
1 0.0734375 0.71328125 0.021875 0.0671875
2 0.28203125 0.46796875 0.0078125 0.0455078125
2 0.67421875 0.31640625 0.0080078125 0.034375
1 0.7625 0.2921875 0.0064453125 0.033984375
3 0.40078125 0.44609375 0.0046875 0.0078125
0 0.12265625 0.36484375 0.0125 0.040625