0 0.81015625 0.3046875 0.0140625 0.046484375
2 0.715625 0.3828125 0.0158203125 0.0435546875
2 0.68203125 0.47421875 0.0111328125 0.0423828125
2 0.53359375 0.2703125 0.0080078125 0.0375
2 0.19453125 0.3671875 0.0111328125 0.0404296875
2 0.55546875 0.2796875 0.0109375 0.0314453125
2 0.3265625 0.36875 0.009375 0.0408203125
2 0.66328125 0.3796875 0.0111328125 0.0435546875
2 0.21328125 0.30625 0.0078125 0.0341796875
2 0.22734375 0.35234375 0.0109375 0.0419921875
2 0.7140625 0.43125 0.0185546875 0.0439453125
2 0.13828125 0.49453125 0.0107421875 0.0578125
2 0.84453125 0.54765625 0.0109375 0.0611328125
2 0.31953125 0.40546875 0.0109375 0.0451171875
1 0.571875 0.384375 0.0095703125 0.0435546875
2 0.5265625 0.46640625 0.015234375 0.053125
2 0.45546875 0.3234375 0.0125 0.0375
2 0.12734375 0.390625 0.0140625 0.0470703125
2 0.5515625 0.44921875 0.0185546875 0.0482421875
1 0.9875 0.61015625 0.019140625 0.0701171875
3 0.4921875 0.2578125 0.0064453125 0.015234375
2 0.63046875 0.33203125 0.0140625 0.0453125
2 0.6828125 0.496875 0.0248046875 0.0283203125
1 0.13203125 0.26796875 0.0138671875 0.0392578125
2 0.14375 0.4828125 0.012109375 0.0560546875