2 0.30625 0.175 0.012890625 0.0623046875
2 0.565625 0.03125 0.0095703125 0.043359375
2 0.815625 0.04921875 0.0126953125 0.0517578125
2 0.8984375 0.1 0.0158203125 0.0533203125
2 0.58203125 0.11640625 0.0138671875 0.0517578125
2 0.30703125 0.29921875 0.0171875 0.0640625
2 0.915625 0.01953125 0.012109375 0.0388671875
2 0.8453125 0.06328125 0.0185546875 0.0455078125
2 0.7328125 0.0203125 0.015234375 0.0404296875
2 0.9453125 0.07421875 0.0125 0.0515625
2 0.56953125 0.08359375 0.0171875 0.0515625
2 0.528125 0.0140625 0.012890625 0.028125
1 0.821875 0.12421875 0.0123046875 0.0638671875
2 0.94921875 0.17734375 0.01875 0.0611328125
2 0.64296875 0.29140625 0.0169921875 0.0830078125
2 0.29609375 0.2375 0.0173828125 0.080859375
2 0.3609375 0.0640625 0.015234375 0.05625
2 0.4796875 0.1734375 0.015234375 0.065234375
2 0.5328125 0.40703125 0.0251953125 0.0859375