2 0.584375 0.21953125 0.009375 0.0423828125
2 0.49609375 0.20546875 0.0107421875 0.0294921875
2 0.38828125 0.25390625 0.0076171875 0.0453125
2 0.478125 0.20390625 0.0091796875 0.0388671875
2 0.575 0.21875 0.0091796875 0.0404296875
2 0.590625 0.21015625 0.0154296875 0.0294921875
2 0.2828125 0.228125 0.008984375 0.0466796875
1 0.26640625 0.2109375 0.009375 0.0376953125
2 0.26328125 0.278125 0.0080078125 0.0466796875
2 0.5 0.26171875 0.006640625 0.04375
2 0.45234375 0.27265625 0.0080078125 0.046875
2 0.83515625 0.409375 0.0138671875 0.062109375
2 0.58046875 0.33203125 0.0111328125 0.0515625
2 0.35625 0.34453125 0.012109375 0.0548828125
2 0.76640625 0.34296875 0.0111328125 0.059375
2 0.20390625 0.48359375 0.0173828125 0.0701171875
2 0.80703125 0.3859375 0.0125 0.0595703125
1 0.63828125 0.30078125 0.0109375 0.0515625
2 0.62890625 0.440625 0.0169921875 0.0625
2 0.28984375 0.9765625 0.0234375 0.046875
2 0.7234375 0.4171875 0.015625 0.065234375
2 0.67890625 0.73828125 0.0234375 0.0861328125
3 0.52265625 0.21640625 0.0048828125 0.0107421875
2 0.5765625 0.20234375 0.008984375 0.0357421875