2 0.32734375 0.309375 0.0080078125 0.037109375
1 0.934375 0.22890625 0.0123046875 0.0392578125
2 0.46640625 0.2640625 0.0078125 0.033984375
3 0.41796875 0.3078125 0.0076171875 0.009765625
2 0.55703125 0.22265625 0.0109375 0.0330078125
2 0.49921875 0.284375 0.0111328125 0.0439453125
2 0.6265625 0.31171875 0.0095703125 0.0486328125
2 0.475 0.39921875 0.0158203125 0.05
2 0.7390625 0.2484375 0.0091796875 0.0439453125
0 0.11796875 0.28984375 0.0111328125 0.0515625
2 0.778125 0.2453125 0.0091796875 0.041015625
1 0.515625 0.31484375 0.0123046875 0.0484375
2 0.7734375 0.30078125 0.009375 0.0484375
2 0.534375 0.23203125 0.0158203125 0.0390625
2 0.45625 0.30625 0.0154296875 0.049609375
2 0.84921875 0.32734375 0.0109375 0.0482421875
2 0.9390625 0.290625 0.0123046875 0.049609375
2 0.57578125 0.346875 0.0173828125 0.0498046875
2 0.32109375 0.340625 0.0125 0.056640625
2 0.76640625 0.36875 0.0138671875 0.056640625
2 0.27109375 0.35546875 0.0138671875 0.05625
2 0.7 0.33203125 0.0189453125 0.0453125
2 0.91640625 0.484375 0.021875 0.0658203125
2 0.19375 0.65390625 0.0310546875 0.0736328125