1 0.34375 0.23984375 0.009375 0.03125
2 0.23203125 0.4171875 0.0109375 0.0470703125
2 0.43125 0.30703125 0.006640625 0.0328125
2 0.6234375 0.3203125 0.0095703125 0.040625
2 0.68671875 0.359375 0.0125 0.0408203125
2 0.44296875 0.371875 0.0107421875 0.040625
2 0.23203125 0.5125 0.0138671875 0.0498046875
2 0.7 0.2953125 0.0091796875 0.0341796875
2 0.64609375 0.33125 0.0140625 0.037109375
2 0.559375 0.2953125 0.012109375 0.034765625
2 0.7234375 0.33984375 0.009375 0.0392578125
2 0.43359375 0.346875 0.0138671875 0.0404296875
2 0.4015625 0.2859375 0.009765625 0.0375
2 0.83046875 0.371875 0.0109375 0.0470703125
1 0.628125 0.378125 0.0091796875 0.049609375
2 0.72578125 0.41875 0.0140625 0.0470703125
2 0.490625 0.50625 0.0125 0.062890625
2 0.2234375 0.465625 0.015234375 0.062109375
2 0.2734375 0.33203125 0.009765625 0.04375
2 0.36484375 0.415625 0.0109375 0.0498046875
2 0.81015625 0.4703125 0.0109375 0.059375
2 0.40546875 0.5953125 0.0203125 0.0658203125