2 0.88984375 0.42265625 0.0138671875 0.046875
0 0.890625 0.28515625 0.015625 0.04375
2 0.6265625 0.2390625 0.009375 0.0373046875
2 0.653125 0.36328125 0.012890625 0.0544921875
2 0.69375 0.28125 0.0125 0.0466796875
2 0.8484375 0.434375 0.0185546875 0.0564453125
2 0.72421875 0.428125 0.021875 0.05625
2 0.2453125 0.25703125 0.009765625 0.04375
2 0.0734375 0.290625 0.009765625 0.0501953125
2 0.59921875 0.34765625 0.0125 0.053125
2 0.2484375 0.35703125 0.009765625 0.0453125
2 0.371875 0.4703125 0.0185546875 0.0501953125
2 0.115625 0.3796875 0.0125 0.05625
2 0.63984375 0.41484375 0.0111328125 0.0546875
2 0.74765625 0.490625 0.0173828125 0.062109375
1 0.58046875 0.41640625 0.0140625 0.0576171875
2 0.09140625 0.525 0.0171875 0.0623046875
2 0.059375 0.309375 0.012890625 0.0501953125
2 0.7453125 0.41875 0.0216796875 0.0564453125
2 0.08359375 0.4328125 0.01875 0.066015625
2 0.428125 0.52734375 0.015625 0.071875
2 0.29453125 0.22265625 0.0140625 0.0361328125
1 0.5546875 0.13359375 0.0123046875 0.0359375
3 0.64921875 0.50078125 0.0080078125 0.0171875