1 0.859375 0.1421875 0.006640625 0.04375
2 0.6453125 0.15859375 0.0095703125 0.0359375
2 0.78671875 0.1640625 0.0140625 0.0564453125
2 0.43359375 0.15703125 0.0107421875 0.0419921875
2 0.275 0.31484375 0.01875 0.0669921875
2 0.57265625 0.2078125 0.0107421875 0.05
2 0.72578125 0.2078125 0.0107421875 0.053515625
2 0.38046875 0.2171875 0.0107421875 0.053515625
2 0.44140625 0.2125 0.0111328125 0.050390625
2 0.63828125 0.2375 0.0140625 0.056640625
1 0.4140625 0.2671875 0.0123046875 0.058984375
2 0.4796875 0.28984375 0.0126953125 0.0607421875
2 0.83203125 0.21484375 0.0109375 0.053125
2 0.76015625 0.31328125 0.015625 0.065625
2 0.45390625 0.44140625 0.015625 0.0734375
2 0.23515625 0.36171875 0.0138671875 0.071875
2 0.21484375 0.390625 0.0173828125 0.071875
2 0.9671875 0.484375 0.0158203125 0.0810546875
2 0.47109375 0.77109375 0.0236328125 0.0984375
2 0.36015625 0.39609375 0.0171875 0.0736328125
2 0.60234375 0.13359375 0.0107421875 0.040625
2 0.4515625 0.12890625 0.0095703125 0.040625