2 0.30234375 0.33515625 0.009375 0.0544921875
2 0.240625 0.28828125 0.0123046875 0.053125
2 0.10703125 0.3796875 0.0138671875 0.0595703125
2 0.31484375 0.25390625 0.009375 0.0484375
2 0.4015625 0.2359375 0.0125 0.0501953125
2 0.11875 0.3875 0.024609375 0.0623046875
2 0.5421875 0.253125 0.009765625 0.050390625
2 0.69140625 0.2859375 0.0173828125 0.0591796875
2 0.86640625 0.22421875 0.0109375 0.0484375
2 0.4265625 0.2171875 0.0095703125 0.053125
1 0.43984375 0.31640625 0.0125 0.0548828125
2 0.89375 0.24453125 0.0154296875 0.0515625
2 0.7046875 0.31640625 0.0126953125 0.0580078125
2 0.765625 0.40703125 0.01875 0.0705078125
2 0.31328125 0.3859375 0.0142578125 0.0716796875
2 0.99453125 0.31171875 0.0109375 0.0580078125
2 0.7828125 0.42421875 0.021484375 0.0734375
0 0.26796875 0.225 0.0169921875 0.0560546875
2 0.30625 0.2375 0.012890625 0.0595703125
2 0.353125 0.26171875 0.0126953125 0.0580078125
2 0.35390625 0.2359375 0.0138671875 0.058984375
2 0.3953125 0.21484375 0.0125 0.0544921875