2 0.384375 0.52578125 0.0125 0.0576171875
2 0.39140625 0.43671875 0.009375 0.0607421875
2 0.5109375 0.45546875 0.016015625 0.0609375
2 0.44765625 0.478125 0.0111328125 0.05625
2 0.33046875 0.4609375 0.0125 0.0591796875
2 0.95546875 0.40390625 0.0125 0.0576171875
2 0.34921875 0.47734375 0.015625 0.0669921875
2 0.30546875 0.534375 0.0140625 0.06875
2 0.43125 0.4953125 0.0126953125 0.0654296875
2 0.6078125 0.43359375 0.0158203125 0.053125
2 0.79140625 0.61015625 0.0138671875 0.0798828125
1 0.51328125 0.51171875 0.0140625 0.0705078125
2 0.97734375 0.43828125 0.0109375 0.0607421875
2 0.64375 0.484375 0.0126953125 0.0626953125
2 0.3921875 0.56328125 0.021484375 0.0734375
2 0.80546875 0.61640625 0.015625 0.0828125
2 0.6984375 0.521875 0.0126953125 0.06875
0 0.32265625 0.403125 0.0169921875 0.0654296875
3 0.55390625 0.40546875 0.0078125 0.0140625
2 0.5265625 0.44765625 0.021875 0.05625
2 0.49296875 0.4046875 0.015625 0.053515625
2 0.48046875 0.409375 0.01875 0.049609375