2 0.54921875 0.6515625 0.0326171875 0.091015625
2 0.26484375 0.14296875 0.0107421875 0.0455078125
2 0.47890625 0.43203125 0.025 0.0640625
2 0.6046875 0.271875 0.0185546875 0.05625
2 0.59375 0.3453125 0.0185546875 0.0625
2 0.67265625 0.15859375 0.0142578125 0.0482421875
2 0.484375 0.10078125 0.0091796875 0.0419921875
2 0.9109375 0.36796875 0.0125 0.0640625
2 0.921875 0.503125 0.0251953125 0.0658203125
2 0.2765625 0.309375 0.0158203125 0.0658203125
1 0.43984375 0.2859375 0.0109375 0.05625
2 0.1796875 0.17265625 0.0125 0.05
2 0.36796875 0.23125 0.0140625 0.055859375
2 0.6890625 0.20546875 0.009765625 0.0515625
2 0.19453125 0.259375 0.0201171875 0.05625
2 0.2609375 0.32890625 0.0185546875 0.05
2 0.36484375 0.36171875 0.0205078125 0.0455078125
2 0.81171875 0.5234375 0.0236328125 0.075
2 0.1265625 0.2953125 0.025 0.05625
2 0.4671875 0.53828125 0.0341796875 0.0794921875
1 0.009375 0.83125 0.0185546875 0.1095703125
1 0.690625 0.0375 0.012109375 0.037890625