2 0.58671875 0.17890625 0.0107421875 0.034375
2 0.63828125 0.18046875 0.009375 0.0451171875
2 0.2515625 0.2203125 0.0123046875 0.05
2 0.89296875 0.36875 0.0294921875 0.0564453125
2 0.6578125 0.196875 0.015625 0.046875
2 0.5109375 0.18984375 0.0091796875 0.0455078125
2 0.47109375 0.18828125 0.009375 0.053125
2 0.41171875 0.23203125 0.009375 0.046875
2 0.54140625 0.23828125 0.0169921875 0.0390625
2 0.275 0.2671875 0.012890625 0.053125
2 0.57265625 0.23671875 0.0203125 0.05
2 0.48671875 0.22265625 0.0125 0.046875
2 0.85078125 0.31875 0.0140625 0.0626953125
2 0.61015625 0.31953125 0.0125 0.0576171875
2 0.68046875 0.42109375 0.01875 0.0703125
2 0.90390625 0.38828125 0.025 0.0669921875
2 0.3703125 0.33125 0.0185546875 0.0626953125
2 0.1921875 0.45390625 0.0220703125 0.0734375
1 0.646875 0.290625 0.0125 0.056640625
2 0.7359375 0.328125 0.015625 0.0595703125
2 0.76953125 0.73046875 0.0375 0.103125
3 0.4859375 0.2421875 0.003515625 0.008984375
1 0.2515625 0.18203125 0.009765625 0.0482421875