2 0.55859375 0.73359375 0.0236328125 0.0576171875
2 0.52421875 0.4671875 0.0201171875 0.05625
0 0.715625 0.42265625 0.0158203125 0.053125
2 0.4046875 0.45546875 0.0189453125 0.0609375
2 0.50703125 0.4671875 0.0111328125 0.0595703125
2 0.0109375 0.45078125 0.0125 0.0546875
2 0.63671875 0.625 0.0138671875 0.0654296875
2 0.57734375 0.7171875 0.028125 0.0810546875
2 0.15625 0.528125 0.0158203125 0.0626953125
2 0.45234375 0.42890625 0.0138671875 0.053125
1 0.3875 0.49765625 0.0125 0.0638671875
2 0.2484375 0.596875 0.0123046875 0.0716796875
2 0.51328125 0.58125 0.028125 0.062109375
2 0.134375 0.46640625 0.015625 0.0607421875
2 0.2625 0.70859375 0.019140625 0.08125
2 0.3015625 0.5046875 0.0126953125 0.0595703125
2 0.68046875 0.59453125 0.0205078125 0.0703125
2 0.42734375 0.64375 0.0205078125 0.06875
2 0.03515625 0.690625 0.0232421875 0.074609375
3 0.5234375 0.71171875 0.0095703125 0.0169921875