2 0.41796875 0.39296875 0.0125 0.0388671875
2 0.7140625 0.34375 0.0125 0.024609375
2 0.52421875 0.32890625 0.0080078125 0.0330078125
2 0.7109375 0.384375 0.008984375 0.0373046875
2 0.55390625 0.3265625 0.0107421875 0.0314453125
2 0.4171875 0.4203125 0.009765625 0.0466796875
0 0.30625 0.34375 0.006640625 0.0345703125
2 0.853125 0.36796875 0.00625 0.034375
2 0.490625 0.3578125 0.006640625 0.0375
2 0.69765625 0.41875 0.009375 0.037890625
2 0.47734375 0.39140625 0.0076171875 0.0388671875
2 0.7375 0.34296875 0.0064453125 0.03125
2 0.6140625 0.359375 0.0091796875 0.034375
1 0.1484375 0.62734375 0.0158203125 0.0640625
2 0.5546875 0.478125 0.0091796875 0.0498046875
2 0.8375 0.40703125 0.0095703125 0.040625
2 0.27109375 0.565625 0.0169921875 0.0529296875
2 0.528125 0.465625 0.0091796875 0.0435546875
2 0.8578125 0.51015625 0.0125 0.0517578125
2 0.403125 0.4890625 0.0125 0.046875
1 0.56484375 0.42421875 0.0125 0.0451171875
2 0.37734375 0.484375 0.0107421875 0.0501953125
3 0.70234375 0.3078125 0.0046875 0.0095703125
2 0.85859375 0.49296875 0.0111328125 0.0513671875
1 0.8765625 0.30859375 0.0091796875 0.0330078125