2 0.2796875 0.21484375 0.0158203125 0.059375
1 0.22734375 0.26953125 0.0201171875 0.06875
2 0.16484375 0.184375 0.0171875 0.049609375
2 0.45625 0.20078125 0.0125 0.059375
2 0.1375 0.2796875 0.0125 0.059375
2 0.409375 0.17265625 0.012890625 0.0517578125
2 0.08203125 0.23984375 0.0142578125 0.0625
2 0.44921875 0.23984375 0.0205078125 0.05625
2 0.35703125 0.19609375 0.0171875 0.0548828125
2 0.32734375 0.20703125 0.0142578125 0.0609375
0 0.92109375 0.240625 0.015625 0.0658203125
2 0.696875 0.225 0.015625 0.0658203125
2 0.33046875 0.3171875 0.0125 0.0783203125
2 0.703125 0.3125 0.0189453125 0.0751953125
2 0.21953125 0.35234375 0.0205078125 0.0859375
2 0.13359375 0.38359375 0.0232421875 0.0734375
2 0.6203125 0.46484375 0.021484375 0.0984375
1 0.559375 0.1421875 0.012890625 0.0533203125
3 0.45625 0.26328125 0.0091796875 0.0173828125
2 0.1390625 0.19375 0.015625 0.059375