2 0.51015625 0.1578125 0.0173828125 0.0625
2 0.34921875 0.06875 0.0232421875 0.046875
2 0.35703125 0.11015625 0.0140625 0.0638671875
2 0.5375 0.040625 0.0125 0.0533203125
2 0.51015625 0.18671875 0.01875 0.0919921875
2 0.57578125 0.090625 0.0125 0.069140625
2 0.55234375 0.0625 0.0140625 0.062109375
2 0.93515625 0.084375 0.0111328125 0.056640625
2 0.59609375 0.10390625 0.0111328125 0.071875
1 0.753125 0.1640625 0.0154296875 0.0779296875
2 0.78046875 0.215625 0.0169921875 0.0748046875
2 0.03359375 0.26796875 0.0173828125 0.0919921875
2 0.90625 0.1921875 0.018359375 0.083984375
2 0.37109375 0.5390625 0.0359375 0.165625
1 0.38984375 0.028125 0.0140625 0.05625