2 0.51796875 0.26640625 0.0080078125 0.0482421875
2 0.60390625 0.24453125 0.0080078125 0.0419921875
2 0.57265625 0.221875 0.0080078125 0.0404296875
2 0.440625 0.26875 0.012109375 0.05
3 0.38828125 0.6421875 0.0109375 0.015625
2 0.29453125 0.22890625 0.009375 0.0390625
2 0.50625 0.3 0.009375 0.050390625
2 0.6953125 0.321875 0.0154296875 0.056640625
1 0.56484375 0.3078125 0.0109375 0.0529296875
2 0.771875 0.42734375 0.015625 0.0548828125
2 0.64140625 0.43671875 0.0142578125 0.0513671875
2 0.66328125 0.30234375 0.0171875 0.0546875
2 0.29375 0.35859375 0.0125 0.0638671875
0 0.96484375 0.29140625 0.0142578125 0.0546875
2 0.81015625 0.50234375 0.0203125 0.0625
2 0.4453125 0.4734375 0.015234375 0.071875
2 0.58125 0.40625 0.024609375 0.062109375
2 0.3796875 0.3671875 0.0216796875 0.0626953125
2 0.7375 0.53984375 0.01875 0.0734375
2 0.1953125 0.31875 0.0125 0.056640625
2 0.1375 0.4828125 0.01875 0.0751953125
1 0.98203125 0.659375 0.0328125 0.100390625
2 0.48046875 0.65390625 0.0392578125 0.0888671875
1 0.24609375 0.19609375 0.009375 0.0451171875
2 0.62890625 0.275 0.0140625 0.0470703125