2 0.809375 0.13984375 0.0125 0.0544921875
1 0.3015625 0.0890625 0.0095703125 0.046875
2 0.8125 0.18515625 0.0125 0.0576171875
0 0.00859375 0.2125 0.0140625 0.062109375
2 0.2796875 0.13046875 0.0126953125 0.0453125
2 0.76015625 0.16328125 0.0125 0.0517578125
2 0.503125 0.15625 0.012109375 0.055859375
2 0.2796875 0.175 0.0095703125 0.0591796875
2 0.52265625 0.184375 0.0142578125 0.059375
2 0.4546875 0.1125 0.009375 0.046875
2 0.471875 0.1359375 0.0125 0.0529296875
2 0.63828125 0.2859375 0.0111328125 0.0658203125
2 0.88984375 0.28203125 0.015625 0.0734375
2 0.87734375 0.2421875 0.015625 0.075
1 0.6 0.2296875 0.012890625 0.065234375
2 0.8609375 0.246875 0.01875 0.0751953125
2 0.6984375 0.240625 0.0154296875 0.069140625
2 0.365625 0.2171875 0.0126953125 0.065625
2 0.915625 0.47421875 0.0341796875 0.1013671875
2 0.4078125 0.27890625 0.0126953125 0.075
2 0.96953125 0.7953125 0.0265625 0.1439453125
2 0.3046875 0.5265625 0.025 0.109765625
3 0.00625 0.25859375 0.006640625 0.0142578125