2 0.6703125 0.2546875 0.0095703125 0.0345703125
2 0.4390625 0.26171875 0.0095703125 0.0359375
2 0.446875 0.30546875 0.0091796875 0.0419921875
2 0.49375 0.275 0.009375 0.0435546875
2 0.4796875 0.36171875 0.009765625 0.0421875
2 0.69921875 0.32265625 0.0107421875 0.040625
2 0.57734375 0.27578125 0.009375 0.0423828125
2 0.50625 0.29921875 0.0125 0.0482421875
2 0.43359375 0.24609375 0.0076171875 0.0359375
2 0.3953125 0.27890625 0.0091796875 0.040625
2 0.6203125 0.38125 0.0123046875 0.0466796875
2 0.64375 0.34765625 0.0091796875 0.0515625
0 0.06796875 0.3140625 0.0140625 0.05
2 0.359375 0.309375 0.0123046875 0.0466796875
2 0.31328125 0.3171875 0.0109375 0.052734375
2 0.4625 0.41015625 0.009375 0.0609375
2 0.7484375 0.32578125 0.015234375 0.0513671875
2 0.35625 0.38046875 0.0126953125 0.0580078125
2 0.26640625 0.471875 0.015625 0.065625
2 0.8234375 0.4484375 0.0126953125 0.0685546875
2 0.11953125 0.6140625 0.0169921875 0.0935546875
1 0.0890625 0.6828125 0.022265625 0.0970703125
2 0.603125 0.59921875 0.021875 0.0892578125
3 0.74296875 0.34765625 0.0044921875 0.009375
1 0.721875 0.2328125 0.009375 0.0376953125