1 0.69921875 0.25546875 0.0109375 0.0388671875
3 0.64296875 0.60625 0.00625 0.0125
2 0.6203125 0.29140625 0.009375 0.040625
2 0.32578125 0.31953125 0.0107421875 0.0486328125
2 0.5421875 0.32578125 0.009765625 0.0484375
2 0.35625 0.29453125 0.0125 0.0451171875
1 0.003125 0.81640625 0.00625 0.0953125
2 0.50390625 0.33125 0.0125 0.0529296875
1 0.4265625 0.4 0.009765625 0.0564453125
2 0.1484375 0.68984375 0.015625 0.0986328125
2 0.29765625 0.36015625 0.0140625 0.0515625
2 0.31015625 0.37265625 0.0140625 0.0580078125
2 0.25546875 0.3921875 0.0169921875 0.065234375
2 0.36875 0.5078125 0.0154296875 0.059765625
2 0.38671875 0.4484375 0.0169921875 0.066015625
2 0.75625 0.340625 0.0126953125 0.0560546875
2 0.44609375 0.4046875 0.0171875 0.0658203125
2 0.20703125 0.4859375 0.015625 0.0748046875
2 0.515625 0.62890625 0.0185546875 0.0921875
2 0.92265625 0.55390625 0.0203125 0.0798828125
2 0.19609375 0.78359375 0.028125 0.1107421875
2 0.65234375 0.6859375 0.0232421875 0.0908203125
2 0.66953125 0.4734375 0.0169921875 0.071875
2 0.71171875 0.434375 0.0138671875 0.0625