2 0.60078125 0.20546875 0.01875 0.0517578125
3 0.81171875 0.646875 0.0125 0.0158203125
2 0.24140625 0.21328125 0.0111328125 0.0515625
2 0.63671875 0.21171875 0.0171875 0.046875
1 0.58046875 0.34140625 0.025 0.0705078125
2 0.72578125 0.2953125 0.0294921875 0.0623046875
2 0.8359375 0.4265625 0.0341796875 0.075
2 0.66875 0.28046875 0.0248046875 0.065625
2 0.2046875 0.2484375 0.0158203125 0.059375
2 0.29296875 0.29296875 0.0111328125 0.0638671875
2 0.6828125 0.35703125 0.0216796875 0.0625
2 0.70078125 0.3328125 0.0201171875 0.0720703125
2 0.28203125 0.22421875 0.0171875 0.0548828125
2 0.4984375 0.26796875 0.016015625 0.0607421875
2 0.8390625 0.48359375 0.0345703125 0.0861328125
2 0.53125 0.3984375 0.0248046875 0.083984375
2 0.6640625 0.3578125 0.0248046875 0.0720703125
2 0.37265625 0.36328125 0.0263671875 0.08125
2 0.79453125 0.3203125 0.025 0.0689453125
2 0.165625 0.34140625 0.018359375 0.078125
2 0.44921875 0.48046875 0.0169921875 0.0767578125
2 0.87109375 0.72265625 0.0548828125 0.1142578125
1 0.67734375 0.16015625 0.0173828125 0.0482421875