2 0.3265625 0.2421875 0.0095703125 0.0373046875
2 0.56796875 0.24921875 0.0107421875 0.0375
2 0.559375 0.29453125 0.0091796875 0.0423828125
2 0.5109375 0.26328125 0.009375 0.0453125
2 0.52578125 0.35390625 0.0109375 0.0451171875
2 0.29609375 0.3125 0.0107421875 0.043359375
2 0.4234375 0.2640625 0.009375 0.046484375
2 0.4984375 0.28828125 0.0125 0.05
2 0.57421875 0.2328125 0.0078125 0.0375
2 0.6140625 0.26796875 0.0091796875 0.0421875
2 0.378125 0.3734375 0.0125 0.047265625
2 0.3546875 0.3390625 0.0091796875 0.0533203125
0 0.95546875 0.30390625 0.0140625 0.0517578125
2 0.6515625 0.29921875 0.0125 0.0484375
2 0.7 0.30703125 0.0123046875 0.0544921875
2 0.54375 0.40390625 0.009375 0.0640625
2 0.2453125 0.31640625 0.015234375 0.053125
2 0.6546875 0.3734375 0.015234375 0.059765625
2 0.7484375 0.46875 0.0158203125 0.06875
2 0.16640625 0.44375 0.0140625 0.0716796875
2 0.9015625 0.6171875 0.016015625 0.096875
1 0.93359375 0.68828125 0.0236328125 0.1017578125
2 0.396875 0.6015625 0.0220703125 0.0935546875
3 0.25078125 0.3390625 0.0046875 0.0095703125
1 0.27265625 0.21875 0.009375 0.040625