2 0.4484375 0.2390625 0.0091796875 0.0404296875
2 0.43984375 0.26640625 0.0080078125 0.0419921875
2 0.3796875 0.253125 0.0123046875 0.043359375
2 0.35703125 0.25625 0.0111328125 0.0404296875
2 0.6015625 0.2859375 0.009375 0.0470703125
2 0.4125 0.22421875 0.0123046875 0.0375
2 0.6421875 0.24921875 0.009375 0.0421875
2 0.33671875 0.2828125 0.0109375 0.0498046875
2 0.42265625 0.31015625 0.009375 0.0419921875
1 0.40703125 0.28828125 0.0107421875 0.0484375
2 0.58828125 0.3125 0.009375 0.0498046875
2 0.43671875 0.359375 0.0111328125 0.055859375
2 0.7890625 0.2984375 0.015234375 0.047265625
2 0.6359375 0.35234375 0.015234375 0.0546875
2 0.2453125 0.303125 0.015625 0.050390625
0 0.0109375 0.296875 0.0123046875 0.050390625
2 0.28125 0.32578125 0.0158203125 0.0544921875
2 0.02578125 0.58828125 0.0142578125 0.09375
2 0.18671875 0.4484375 0.0173828125 0.059765625
2 0.52265625 0.5390625 0.0171875 0.1
2 0.78125 0.43125 0.015625 0.068359375
1 0.74375 0.2265625 0.0123046875 0.0376953125
3 0.7125 0.29140625 0.0060546875 0.0107421875
2 0.5953125 0.25234375 0.0095703125 0.04375