2 0.465625 0.1484375 0.0123046875 0.05
2 0.63671875 0.2625 0.021875 0.065625
2 0.5640625 0.20390625 0.0126953125 0.05625
2 0.16953125 0.2 0.0138671875 0.055859375
2 0.12578125 0.29296875 0.0169921875 0.0642578125
1 0.4390625 0.2859375 0.01875 0.0689453125
2 0.3015625 0.22578125 0.015234375 0.0638671875
2 0.66640625 0.30234375 0.0203125 0.0732421875
2 0.6203125 0.2796875 0.021484375 0.071875
2 0.46015625 0.28203125 0.0138671875 0.0671875
2 0.3515625 0.23515625 0.021875 0.0609375
2 0.49140625 0.3046875 0.0201171875 0.071875
2 0.575 0.41640625 0.0375 0.0671875
2 0.6875 0.50546875 0.01875 0.0892578125
2 0.7453125 0.4484375 0.021875 0.090625
2 0.1421875 0.37265625 0.0185546875 0.0798828125
2 0.39140625 0.540625 0.0296875 0.087109375
2 0.00546875 0.25859375 0.0109375 0.0703125
2 0.78828125 0.5296875 0.0265625 0.0939453125
2 0.2859375 0.60546875 0.0310546875 0.1107421875
1 0.075 0.13671875 0.012890625 0.05
3 0.2703125 0.61328125 0.0125 0.0232421875