1 0.43359375 0.22421875 0.0078125 0.0359375
2 0.88515625 0.3140625 0.0109375 0.040625
2 0.75703125 0.2578125 0.0111328125 0.034765625
2 0.89609375 0.34765625 0.0138671875 0.0544921875
2 0.90234375 0.31875 0.0125 0.04375
2 0.54140625 0.25703125 0.0107421875 0.0388671875
2 0.7875 0.28125 0.0154296875 0.0435546875
2 0.684375 0.3125 0.012890625 0.050390625
2 0.6265625 0.29140625 0.009375 0.0484375
2 0.74296875 0.340625 0.0111328125 0.0498046875
2 0.6125 0.2921875 0.0125 0.0470703125
1 0.7078125 0.33828125 0.0125 0.0515625
2 0.46015625 0.33203125 0.0111328125 0.0517578125
2 0.478125 0.3 0.009375 0.046875
2 0.87421875 0.4328125 0.0140625 0.0689453125
2 0.36171875 0.3 0.0107421875 0.0470703125
2 0.571875 0.41796875 0.018359375 0.0578125
0 0.08125 0.32109375 0.0126953125 0.053125
2 0.71328125 0.39609375 0.0169921875 0.0578125
2 0.26328125 0.4171875 0.0201171875 0.0591796875
2 0.8421875 0.4953125 0.0283203125 0.071875
2 0.80390625 0.4609375 0.0232421875 0.071484375
2 0.41328125 0.60859375 0.0265625 0.1
3 0.2703125 0.4453125 0.00625 0.0123046875