0 0.14765625 0.43984375 0.0138671875 0.0453125
2 0.87890625 0.42890625 0.0138671875 0.0515625
3 0.28046875 0.66796875 0.0078125 0.0109375
2 0.35859375 0.3921875 0.0109375 0.04375
2 0.5015625 0.46171875 0.0126953125 0.053125
2 0.70859375 0.40859375 0.0107421875 0.0453125
2 0.97265625 0.52890625 0.015625 0.0625
2 0.4125 0.42734375 0.0123046875 0.053125
1 0.6484375 0.4734375 0.0123046875 0.0501953125
2 0.78671875 0.4890625 0.0109375 0.059375
2 0.42109375 0.54765625 0.01875 0.0625
2 0.61484375 0.42578125 0.0107421875 0.0486328125
2 0.8984375 0.53671875 0.0154296875 0.0671875
2 0.5015625 0.60078125 0.0189453125 0.065625
2 0.8328125 0.6953125 0.0216796875 0.0814453125
2 0.23203125 0.6140625 0.015625 0.0685546875
2 0.98359375 0.55546875 0.01875 0.0701171875
2 0.68203125 0.5890625 0.0138671875 0.0720703125
2 0.71953125 0.66796875 0.0138671875 0.0826171875
2 0.43046875 0.703125 0.0201171875 0.0841796875
2 0.38046875 0.73046875 0.01875 0.0830078125
2 0.59921875 0.3421875 0.0107421875 0.034765625
1 0.4765625 0.32265625 0.009375 0.0328125