0 0.071875 0.403125 0.012890625 0.049609375
2 0.8546875 0.39140625 0.015234375 0.0548828125
3 0.2140625 0.646875 0.008984375 0.0123046875
2 0.29765625 0.3515625 0.0111328125 0.046875
2 0.45078125 0.42578125 0.0140625 0.05625
2 0.671875 0.36875 0.012109375 0.049609375
2 0.9546875 0.4984375 0.0158203125 0.066015625
2 0.35546875 0.3890625 0.0125 0.05625
1 0.60859375 0.4390625 0.0125 0.0533203125
2 0.75546875 0.45546875 0.0111328125 0.0638671875
2 0.3640625 0.51796875 0.0189453125 0.0671875
2 0.571875 0.3875 0.012109375 0.053125
2 0.87578125 0.50625 0.015625 0.071875
2 0.9921875 0.57578125 0.015625 0.08125
2 0.45 0.575 0.0216796875 0.069140625
2 0.80546875 0.67578125 0.0232421875 0.0888671875
2 0.16171875 0.5890625 0.0169921875 0.0720703125
2 0.96640625 0.5265625 0.0201171875 0.0748046875
2 0.64375 0.5625 0.0154296875 0.0779296875
2 0.68359375 0.64609375 0.0140625 0.0888671875
2 0.375 0.684375 0.0216796875 0.087890625
2 0.32109375 0.7140625 0.0201171875 0.090234375
2 0.55546875 0.2984375 0.0109375 0.040234375
1 0.4234375 0.27734375 0.0095703125 0.0357421875