2 0.66328125 0.38203125 0.0125 0.0515625
2 0.646875 0.403125 0.0216796875 0.055859375
1 0.6140625 0.41640625 0.009375 0.0625
2 0.69296875 0.4109375 0.0171875 0.05625
2 0.775 0.4546875 0.01875 0.0654296875
2 0.58984375 0.4296875 0.0138671875 0.0626953125
2 0.534375 0.3765625 0.018359375 0.05625
2 0.71171875 0.44453125 0.0169921875 0.0638671875
2 0.2234375 0.45703125 0.0125 0.0671875
2 0.6359375 0.46796875 0.021484375 0.065625
2 0.378125 0.38203125 0.0095703125 0.0544921875
2 0.4171875 0.4390625 0.0123046875 0.0625
2 0.79296875 0.47578125 0.0205078125 0.0607421875
2 0.5625 0.55078125 0.0189453125 0.078125
2 0.0921875 0.50859375 0.021875 0.0765625
2 0.33203125 0.96328125 0.03125 0.0732421875
2 0.11015625 0.56640625 0.0173828125 0.0798828125
2 0.15625 0.60078125 0.0279296875 0.08125
2 0.28203125 0.9671875 0.0296875 0.065625
2 0.5828125 0.696875 0.0341796875 0.0939453125
2 0.76953125 0.60625 0.0232421875 0.08125
2 0.8484375 0.5046875 0.021875 0.0689453125
1 0.16640625 0.33515625 0.0140625 0.0482421875
2 0.565625 0.32734375 0.0125 0.0515625
3 0.70703125 0.46796875 0.00625 0.0140625