1 0.80078125 0.01328125 0.0111328125 0.0265625
2 0.13046875 0.13359375 0.015625 0.0609375
2 0.3203125 0.04921875 0.016015625 0.0544921875
2 0.1140625 0.1828125 0.0189453125 0.0810546875
2 0.1046875 0.13984375 0.01875 0.0642578125
2 0.64140625 0.04765625 0.0142578125 0.05625
2 0.275 0.084375 0.021875 0.0626953125
2 0.42890625 0.13125 0.0205078125 0.075390625
2 0.51484375 0.09921875 0.0140625 0.071875
2 0.34140625 0.17265625 0.0171875 0.0734375
2 0.53515625 0.1 0.01875 0.069140625
1 0.39375 0.16953125 0.0185546875 0.0765625
2 0.76171875 0.16015625 0.0171875 0.0767578125
2 0.7359375 0.1125 0.0126953125 0.0689453125
2 0.14609375 0.31015625 0.0205078125 0.103125
2 0.9078125 0.11328125 0.0154296875 0.0703125
2 0.59609375 0.2875 0.0263671875 0.087109375
2 0.38515625 0.2546875 0.025 0.084765625
2 0.19375 0.40234375 0.0435546875 0.1076171875
2 0.25078125 0.3515625 0.034375 0.103515625
2 0.83203125 0.57109375 0.0390625 0.1484375