2 0.38671875 0.234375 0.0107421875 0.0435546875
2 0.240625 0.3328125 0.01875 0.05625
2 0.30234375 0.28203125 0.0111328125 0.0484375
2 0.63984375 0.27890625 0.0111328125 0.046875
2 0.67734375 0.35859375 0.0140625 0.0548828125
1 0.409375 0.35234375 0.0158203125 0.059375
2 0.5265625 0.30078125 0.0123046875 0.0546875
2 0.21484375 0.36640625 0.0171875 0.0625
2 0.2546875 0.34765625 0.016015625 0.0611328125
2 0.39140625 0.34921875 0.0111328125 0.0576171875
2 0.484375 0.30859375 0.01875 0.0517578125
2 0.36484375 0.36875 0.0169921875 0.0623046875
2 0.29375 0.4640625 0.0314453125 0.0564453125
2 0.196875 0.540625 0.0158203125 0.075390625
2 0.14765625 0.4921875 0.01875 0.078125
2 0.66328125 0.4265625 0.015625 0.06875
2 0.45 0.5703125 0.025 0.072265625
2 0.7828125 0.3296875 0.0158203125 0.0595703125
2 0.1109375 0.5609375 0.0220703125 0.08125
2 0.540625 0.62578125 0.0251953125 0.0951171875
2 0.88046875 0.53125 0.0203125 0.081640625
1 0.7203125 0.22421875 0.0123046875 0.0423828125
3 0.55390625 0.6328125 0.0107421875 0.0189453125