2 0.5265625 0.2625 0.009765625 0.030859375
2 0.33125 0.27421875 0.0091796875 0.0375
2 0.16875 0.290625 0.0095703125 0.0408203125
2 0.18515625 0.2984375 0.0138671875 0.0470703125
2 0.44296875 0.28359375 0.0111328125 0.0453125
2 0.48203125 0.28046875 0.009375 0.0421875
2 0.203125 0.32890625 0.0154296875 0.05625
0 0.9265625 0.31171875 0.0095703125 0.0517578125
2 0.415625 0.275 0.012890625 0.037890625
1 0.44765625 0.3359375 0.0107421875 0.0529296875
2 0.15625 0.32578125 0.0126953125 0.05625
2 0.53359375 0.2953125 0.0107421875 0.05
2 0.38359375 0.33203125 0.0111328125 0.0484375
2 0.6234375 0.29296875 0.0123046875 0.0451171875
2 0.67734375 0.29609375 0.009375 0.0482421875
2 0.415625 0.340625 0.0154296875 0.0560546875
2 0.12578125 0.3875 0.0140625 0.0654296875
2 0.71796875 0.34453125 0.0142578125 0.0517578125
2 0.2484375 0.43828125 0.015234375 0.0669921875
2 0.74140625 0.4 0.01875 0.059375
2 0.5046875 0.34609375 0.009765625 0.0576171875
1 0.60625 0.2375 0.0123046875 0.037890625
3 0.540625 0.278125 0.005859375 0.0091796875
2 0.32734375 0.271875 0.009375 0.0375