2 0.590625 0.28984375 0.0154296875 0.0359375
2 0.5796875 0.30703125 0.009765625 0.0390625
2 0.7625 0.31953125 0.0095703125 0.0451171875
2 0.7953125 0.3875 0.0126953125 0.0466796875
2 0.75546875 0.365625 0.0125 0.0501953125
2 0.7828125 0.3375 0.009765625 0.0498046875
1 0.6296875 0.34140625 0.009375 0.0484375
2 0.65 0.35859375 0.0154296875 0.0515625
2 0.484375 0.37578125 0.0095703125 0.0544921875
2 0.44453125 0.32265625 0.015625 0.0421875
2 0.325 0.384375 0.0123046875 0.059375
2 0.8828125 0.40859375 0.009765625 0.0546875
2 0.8328125 0.36640625 0.0095703125 0.05625
2 0.67265625 0.3953125 0.0111328125 0.0564453125
2 0.26796875 0.42578125 0.015625 0.0671875
2 0.36875 0.4671875 0.012890625 0.065625
2 0.29453125 0.47890625 0.0125 0.065625
2 0.86171875 0.4890625 0.015625 0.066015625
2 0.6 0.43828125 0.0154296875 0.0611328125
2 0.6921875 0.54609375 0.021484375 0.0705078125
2 0.36796875 0.8390625 0.0263671875 0.116015625
2 0.334375 0.8484375 0.025 0.1189453125
1 0.29296875 0.28203125 0.0109375 0.0482421875
2 0.753125 0.3328125 0.0125 0.0439453125