2 0.64921875 0.01953125 0.0138671875 0.0390625
2 0.221875 0.02109375 0.012890625 0.0421875
2 0.12265625 0.06875 0.0140625 0.069140625
2 0.45234375 0.075 0.0140625 0.062109375
1 0.31796875 0.128125 0.0140625 0.0720703125
2 0.40546875 0.07265625 0.0142578125 0.0671875
2 0.575 0.25859375 0.0158203125 0.0955078125
2 0.21640625 0.1265625 0.0234375 0.0779296875
2 0.3328125 0.29609375 0.01875 0.0982421875
2 0.13203125 0.11640625 0.0171875 0.078125
2 0.11484375 0.29765625 0.0298828125 0.078125
2 0.428125 0.3609375 0.0375 0.0970703125
2 0.76875 0.1265625 0.0158203125 0.0779296875
2 0.16640625 0.3109375 0.0171875 0.1
2 0.39140625 0.34375 0.0171875 0.0966796875
2 0.028125 0.1625 0.0216796875 0.08125
2 0.21796875 0.35390625 0.0296875 0.1017578125
2 0.8125 0.33671875 0.0345703125 0.1078125