1 0.2640625 0.05625 0.0126953125 0.062890625
2 0.43125 0.13125 0.0248046875 0.05625
2 0.390625 0.12734375 0.0185546875 0.0611328125
2 0.60234375 0.0609375 0.0169921875 0.058984375
2 0.79453125 0.0765625 0.0138671875 0.0626953125
2 0.46640625 0.0703125 0.021875 0.0533203125
2 0.7203125 0.11015625 0.01875 0.0671875
2 0.82890625 0.07578125 0.01875 0.059375
2 0.45625 0.12734375 0.0158203125 0.0671875
2 0.89609375 0.15 0.0138671875 0.078125
2 0.76875 0.09765625 0.012890625 0.0701171875
1 0.5453125 0.18203125 0.01875 0.078125
2 0.41796875 0.175 0.0205078125 0.0689453125
2 0.684375 0.13359375 0.0189453125 0.0701171875
2 0.21171875 0.26171875 0.0294921875 0.078125
2 0.59609375 0.1578125 0.0205078125 0.0748046875
2 0.5703125 0.1734375 0.01875 0.0748046875
2 0.34375 0.33125 0.034375 0.094140625
2 0.31171875 0.353125 0.0326171875 0.093359375
2 0.40703125 0.121875 0.0232421875 0.05625
2 0.42109375 0.10703125 0.0169921875 0.0578125