3 0.76640625 0.6203125 0.0076171875 0.015234375
2 0.203125 0.334375 0.012109375 0.0560546875
1 0.6640625 0.28515625 0.0154296875 0.0453125
2 0.209375 0.28359375 0.0095703125 0.0517578125
2 0.33203125 0.3671875 0.0111328125 0.0685546875
2 0.02109375 0.590625 0.0125 0.09375
2 0.325 0.3828125 0.0095703125 0.065234375
2 0.459375 0.3125 0.0125 0.0564453125
2 0.1421875 0.38984375 0.0123046875 0.06875
2 0.22421875 0.41796875 0.0140625 0.06875
2 0.2515625 0.43046875 0.015625 0.075
2 0.175 0.41875 0.012890625 0.080859375
2 0.81015625 0.590625 0.0361328125 0.084375
1 0.2796875 0.47265625 0.015625 0.078125
2 0.06171875 0.5203125 0.01875 0.0845703125
2 0.4796875 0.5375 0.0158203125 0.0908203125
2 0.63515625 0.39765625 0.0169921875 0.0705078125
2 0.22890625 0.53828125 0.0173828125 0.0826171875
2 0.03125 0.60546875 0.0185546875 0.0955078125
2 0.00546875 0.5046875 0.0109375 0.090625
2 0.38828125 0.51640625 0.0171875 0.0919921875
2 0.33515625 0.646875 0.0201171875 0.1095703125
2 0.6546875 0.88515625 0.0314453125 0.1375