2 0.61484375 0.20546875 0.0138671875 0.0421875
2 0.47265625 0.27734375 0.0125 0.0580078125
2 0.4484375 0.20546875 0.009765625 0.046875
2 0.428125 0.221875 0.0095703125 0.0498046875
2 0.38046875 0.26171875 0.0107421875 0.0546875
2 0.28984375 0.3375 0.0142578125 0.0783203125
2 0.52421875 0.33125 0.0125 0.0595703125
2 0.5328125 0.2546875 0.009765625 0.0560546875
2 0.7703125 0.275 0.015234375 0.055859375
2 0.48671875 0.25546875 0.0109375 0.0580078125
2 0.640625 0.38125 0.0185546875 0.075
2 0.28515625 0.3484375 0.015625 0.0689453125
2 0.33515625 0.2875 0.0173828125 0.062890625
2 0.61015625 0.3328125 0.015625 0.06875
2 0.54375 0.57421875 0.021875 0.1076171875
2 0.89296875 0.4578125 0.0265625 0.0876953125
2 0.390625 0.375 0.0158203125 0.075
2 0.44921875 0.41640625 0.015625 0.075
2 0.1234375 0.6875 0.027734375 0.1125
2 0.2046875 0.4578125 0.0158203125 0.0814453125
1 0.47265625 0.290625 0.0125 0.0625
3 0.69296875 0.2703125 0.0076171875 0.0123046875
1 0.8078125 0.1875 0.0154296875 0.0466796875