2 0.50859375 0.32265625 0.0140625 0.0357421875
2 0.4984375 0.3390625 0.009765625 0.0376953125
2 0.67734375 0.3515625 0.0107421875 0.0435546875
0 0.9671875 0.390625 0.0125 0.0408203125
2 0.709375 0.41796875 0.0126953125 0.0453125
2 0.6703125 0.396875 0.0125 0.05
2 0.696875 0.36875 0.012109375 0.049609375
1 0.546875 0.37265625 0.0091796875 0.0482421875
2 0.56640625 0.38984375 0.0140625 0.0513671875
2 0.4046875 0.40703125 0.0095703125 0.053125
2 0.365625 0.3546875 0.015625 0.0408203125
2 0.2484375 0.41484375 0.009765625 0.0578125
2 0.7953125 0.4390625 0.009765625 0.0533203125
2 0.74609375 0.39765625 0.0107421875 0.0546875
2 0.5890625 0.42578125 0.009765625 0.05625
2 0.1921875 0.45546875 0.015625 0.065625
2 0.29140625 0.49609375 0.0138671875 0.0642578125
2 0.21796875 0.5078125 0.0125 0.0654296875
2 0.77421875 0.51796875 0.015625 0.065625
2 0.51796875 0.46796875 0.0140625 0.0607421875
2 0.6078125 0.57421875 0.021484375 0.0701171875
2 0.290625 0.8609375 0.0251953125 0.1154296875
2 0.2578125 0.8703125 0.0248046875 0.116015625
1 0.2171875 0.31484375 0.009765625 0.046875
2 0.66796875 0.36484375 0.0125 0.0423828125