2 0.4859375 0.27734375 0.009765625 0.0298828125
2 0.684375 0.2890625 0.0091796875 0.0376953125
2 0.85 0.30625 0.0095703125 0.043359375
2 0.8328125 0.3140625 0.0126953125 0.047265625
2 0.5703125 0.29921875 0.0123046875 0.0455078125
2 0.53125 0.2953125 0.009375 0.0435546875
2 0.8140625 0.34453125 0.015625 0.0576171875
0 0.07890625 0.32734375 0.0107421875 0.053125
2 0.5984375 0.28984375 0.015234375 0.0390625
1 0.565625 0.3515625 0.0095703125 0.053125
2 0.8625 0.3421875 0.012890625 0.0564453125
2 0.478125 0.31015625 0.0095703125 0.0513671875
2 0.63125 0.34765625 0.0123046875 0.0486328125
2 0.3875 0.30859375 0.0125 0.0453125
2 0.33203125 0.31171875 0.009375 0.0484375
2 0.5984375 0.35703125 0.0154296875 0.05625
2 0.89375 0.40390625 0.012890625 0.065625
2 0.29140625 0.36015625 0.015625 0.053125
2 0.76875 0.45625 0.012890625 0.0685546875
2 0.2671875 0.4171875 0.0189453125 0.0595703125
2 0.50859375 0.36171875 0.0109375 0.0578125
1 0.4046875 0.25234375 0.0123046875 0.0390625
3 0.471875 0.29296875 0.005859375 0.0080078125
2 0.68828125 0.28671875 0.009375 0.0388671875