2 0.634375 0.2203125 0.0123046875 0.0404296875
2 0.7015625 0.2703125 0.009375 0.047265625
2 0.38359375 0.271875 0.0169921875 0.0498046875
2 0.753125 0.31640625 0.0123046875 0.0609375
2 0.44609375 0.30859375 0.015625 0.0580078125
2 0.5578125 0.32734375 0.0126953125 0.0607421875
1 0.6046875 0.36171875 0.015234375 0.065625
3 0.40234375 0.69140625 0.009375 0.0171875
2 0.90234375 0.44921875 0.0263671875 0.0669921875
2 0.59140625 0.56328125 0.0171875 0.06875
2 0.7828125 0.36640625 0.0220703125 0.0732421875
2 0.31796875 0.51796875 0.0205078125 0.0859375
2 0.6671875 0.396875 0.016015625 0.0779296875
2 0.06015625 0.5890625 0.0328125 0.0935546875
2 0.3046875 0.5140625 0.016015625 0.0904296875
2 0.5265625 0.74453125 0.0248046875 0.1232421875
2 0.671875 0.4796875 0.0283203125 0.065234375
2 0.6984375 0.40078125 0.021484375 0.0732421875
2 0.18125 0.346875 0.0189453125 0.0685546875
2 0.884375 0.55546875 0.030859375 0.0828125
2 0.8515625 0.58125 0.025 0.1
1 0.2390625 0.21875 0.0126953125 0.0498046875