2 0.55390625 0.26796875 0.0111328125 0.0421875
1 0.590625 0.30625 0.012890625 0.049609375
2 0.75625 0.28125 0.0126953125 0.040625
2 0.634375 0.246875 0.0123046875 0.034375
2 0.42890625 0.25859375 0.0080078125 0.0421875
2 0.65390625 0.3140625 0.0080078125 0.041015625
2 0.46171875 0.23828125 0.0107421875 0.0375
2 0.69296875 0.2859375 0.0107421875 0.04375
2 0.43359375 0.2859375 0.0142578125 0.0404296875
2 0.49921875 0.2546875 0.0111328125 0.040234375
2 0.5203125 0.2625 0.0095703125 0.0435546875
2 0.796875 0.29375 0.0158203125 0.0501953125
0 0.1 0.2859375 0.012109375 0.046875
2 0.83046875 0.2984375 0.0111328125 0.052734375
2 0.25859375 0.275 0.0109375 0.046875
2 0.83671875 0.34609375 0.0125 0.0544921875
2 0.51796875 0.340625 0.0080078125 0.0560546875
2 0.25390625 0.3375 0.0140625 0.0533203125
2 0.59609375 0.365625 0.0142578125 0.062109375
2 0.65703125 0.3875 0.015625 0.050390625
2 0.3125 0.44453125 0.012890625 0.0701171875
1 0.35625 0.2171875 0.0095703125 0.0376953125
3 0.42890625 0.30234375 0.00625 0.0125
2 0.653125 0.253125 0.012109375 0.043359375