1 0.890625 0.0734375 0.0123046875 0.059375
2 0.7359375 0.1421875 0.0220703125 0.0529296875
2 0.77421875 0.1390625 0.0169921875 0.0564453125
2 0.578125 0.078125 0.015625 0.053125
2 0.40078125 0.0921875 0.0111328125 0.058984375
2 0.70390625 0.08671875 0.0203125 0.05
2 0.46953125 0.1234375 0.0171875 0.0623046875
2 0.36953125 0.09140625 0.0171875 0.0546875
2 0.1828125 0.29375 0.022265625 0.080859375
2 0.71328125 0.1390625 0.015625 0.0623046875
2 0.30703125 0.159375 0.0111328125 0.0720703125
2 0.42421875 0.11171875 0.0138671875 0.0640625
1 0.63046875 0.1890625 0.0171875 0.0720703125
2 0.7484375 0.1828125 0.0189453125 0.065234375
2 0.50234375 0.14453125 0.0173828125 0.0640625
2 0.9390625 0.26328125 0.027734375 0.0732421875
2 0.584375 0.1671875 0.0189453125 0.06875
2 0.6078125 0.18203125 0.016015625 0.06875
2 0.8171875 0.328125 0.0314453125 0.0875
2 0.846875 0.34765625 0.030859375 0.0857421875
2 0.75859375 0.134375 0.0203125 0.0529296875
2 0.7453125 0.1203125 0.015625 0.053125