1 0.61796875 0.16484375 0.015625 0.0701171875
2 0.4609375 0.18515625 0.01875 0.0611328125
2 0.08671875 0.23671875 0.0142578125 0.0701171875
2 0.36171875 0.24375 0.0138671875 0.075
2 0.42265625 0.21015625 0.0171875 0.065625
2 0.675 0.21484375 0.0123046875 0.0734375
2 0.56796875 0.29609375 0.021875 0.0859375
2 0.040625 0.35625 0.024609375 0.0939453125
2 0.2765625 0.2609375 0.015625 0.077734375
2 0.15078125 0.37578125 0.0205078125 0.0826171875
2 0.5453125 0.34453125 0.0189453125 0.0892578125
1 0.1265625 0.32265625 0.021875 0.084375
2 0.5640625 0.3921875 0.0189453125 0.097265625
2 0.984375 0.409375 0.0310546875 0.1
2 0.85 0.80234375 0.044140625 0.1546875
3 0.4859375 0.21328125 0.008984375 0.0142578125