2 0.73359375 0.25625 0.0107421875 0.0435546875
2 0.41015625 0.2578125 0.0109375 0.0435546875
1 0.03671875 0.5984375 0.0236328125 0.0876953125
2 0.44453125 0.23515625 0.0107421875 0.0421875
2 0.33515625 0.3 0.0109375 0.053125
2 0.58515625 0.3046875 0.0109375 0.0466796875
2 0.08203125 0.284375 0.0138671875 0.0529296875
1 0.4828125 0.3453125 0.009765625 0.0560546875
2 0.54921875 0.303125 0.0111328125 0.050390625
2 0.678125 0.44453125 0.0125 0.0732421875
2 0.40625 0.34375 0.0185546875 0.0591796875
2 0.49375 0.47265625 0.012890625 0.0734375
2 0.3421875 0.3359375 0.0126953125 0.059375
2 0.20078125 0.49453125 0.0173828125 0.078125
2 0.32890625 0.4734375 0.0232421875 0.059375
2 0.56640625 0.521875 0.028125 0.074609375
2 0.82421875 0.34375 0.0125 0.0591796875
2 0.22109375 0.50390625 0.0140625 0.0828125
2 0.36875 0.48359375 0.0126953125 0.0763671875
2 0.5390625 0.50859375 0.0126953125 0.0732421875
2 0.26328125 0.37109375 0.0169921875 0.0611328125
2 0.40703125 0.51640625 0.0232421875 0.078125
2 0.85703125 0.503125 0.0265625 0.0814453125
3 0.31796875 0.2296875 0.0080078125 0.0126953125
1 0.7875 0.20625 0.0091796875 0.0373046875