2 0.3125 0.33828125 0.0123046875 0.040625
2 0.57734375 0.29453125 0.0107421875 0.0390625
2 0.34140625 0.39140625 0.0142578125 0.053125
2 0.3390625 0.309375 0.009765625 0.0373046875
2 0.2984375 0.36796875 0.0185546875 0.053125
3 0.74296875 0.58671875 0.0078125 0.0125
2 0.1734375 0.41484375 0.015625 0.0607421875
2 0.51796875 0.321875 0.0140625 0.044140625
2 0.465625 0.3390625 0.006640625 0.047265625
1 0.41953125 0.39140625 0.009375 0.053125
2 0.18203125 0.44453125 0.0111328125 0.0578125
2 0.14453125 0.503125 0.0232421875 0.0595703125
2 0.33203125 0.4765625 0.0125 0.059765625
2 0.38359375 0.2578125 0.0078125 0.034765625
2 0.6828125 0.346875 0.009765625 0.050390625
2 0.47890625 0.4796875 0.0142578125 0.071484375
2 0.53125 0.49296875 0.018359375 0.0640625
0 0.01171875 0.34296875 0.0201171875 0.05
2 0.83671875 0.52578125 0.0201171875 0.0701171875
2 0.45625 0.56015625 0.012890625 0.0826171875
2 0.2125 0.46953125 0.009375 0.0642578125
2 0.56953125 0.634375 0.0201171875 0.087109375
1 0.6984375 0.2515625 0.009375 0.0373046875