2 0.67890625 0.22421875 0.0109375 0.0484375
2 0.68984375 0.2578125 0.0109375 0.052734375
2 0.7640625 0.24140625 0.0154296875 0.0517578125
2 0.7921875 0.2453125 0.015234375 0.047265625
2 0.48984375 0.28203125 0.0111328125 0.0580078125
2 0.7234375 0.20546875 0.015234375 0.0455078125
2 0.4390625 0.2359375 0.0123046875 0.0529296875
2 0.8171875 0.278125 0.0126953125 0.062109375
2 0.7109375 0.31171875 0.009765625 0.0515625
1 0.73046875 0.28515625 0.0125 0.0607421875
2 0.50625 0.3140625 0.0123046875 0.059765625
2 0.69375 0.37265625 0.012890625 0.0671875
2 0.2578125 0.29765625 0.0185546875 0.0607421875
2 0.44765625 0.3640625 0.0173828125 0.066015625
2 0.93046875 0.303125 0.0201171875 0.062890625
2 0.8859375 0.33046875 0.021484375 0.0669921875
2 0.9953125 0.4828125 0.009375 0.075
2 0.5875 0.59453125 0.0216796875 0.1234375
2 0.2671875 0.4609375 0.0189453125 0.083984375
1 0.31328125 0.20859375 0.0142578125 0.0482421875
3 0.35234375 0.2890625 0.00625 0.0125
2 0.49765625 0.240625 0.0125 0.0533203125