2 0.21796875 0.28671875 0.0107421875 0.04375
1 0.628125 0.24453125 0.006640625 0.0375
2 0.21484375 0.32265625 0.0107421875 0.0455078125
0 0.86640625 0.3453125 0.0109375 0.0498046875
2 0.64609375 0.278125 0.0109375 0.0373046875
2 0.2578125 0.3046875 0.0095703125 0.041015625
2 0.465625 0.29921875 0.009375 0.0451171875
2 0.64609375 0.31484375 0.0080078125 0.046875
2 0.45 0.321875 0.0125 0.049609375
2 0.5046875 0.2640625 0.008984375 0.0375
2 0.490625 0.2828125 0.0095703125 0.041015625
2 0.35625 0.40390625 0.009375 0.0544921875
2 0.15234375 0.4015625 0.0125 0.059375
2 0.1625 0.36875 0.0125 0.0595703125
1 0.38671875 0.35859375 0.0109375 0.0517578125
2 0.17578125 0.37265625 0.0142578125 0.0611328125
2 0.3078125 0.36796875 0.0125 0.0576171875
2 0.8828125 0.42890625 0.009765625 0.0671875
2 0.5765625 0.3484375 0.009765625 0.053125
2 0.13203125 0.55703125 0.0267578125 0.08125
2 0.5421875 0.39921875 0.009765625 0.0607421875
2 0.08828125 0.81640625 0.021875 0.1171875
1 0.0296875 0.871875 0.0279296875 0.13125
2 0.62578125 0.5984375 0.0203125 0.0904296875
3 0.8671875 0.38203125 0.00625 0.0125