2 0.5328125 0.30234375 0.015625 0.0546875
2 0.3921875 0.225 0.0189453125 0.0408203125
2 0.975 0.26875 0.0125 0.059375
2 0.39921875 0.2609375 0.0125 0.0560546875
2 0.55625 0.2 0.012109375 0.046875
2 0.5328125 0.32734375 0.0158203125 0.0796875
2 0.58984375 0.24296875 0.0109375 0.0611328125
2 0.56953125 0.21875 0.0125 0.053125
2 0.903125 0.23828125 0.0095703125 0.0513671875
2 0.99609375 0.3296875 0.0078125 0.078515625
0 0.07578125 0.3015625 0.0140625 0.0685546875
2 0.6078125 0.2546875 0.0095703125 0.0625
1 0.74453125 0.3078125 0.0125 0.0685546875
2 0.76796875 0.35234375 0.0140625 0.0642578125
2 0.1171875 0.3984375 0.015625 0.078515625
2 0.878125 0.33203125 0.0154296875 0.0732421875
2 0.4109375 0.63515625 0.03125 0.1453125
1 0.42734375 0.18828125 0.0125 0.0513671875