2 0.36171875 0.140625 0.0173828125 0.059375
1 0.040625 0.034375 0.0158203125 0.0564453125
2 0.37578125 0.1671875 0.0171875 0.0623046875
3 0.5234375 0.2953125 0.008984375 0.015625
2 0.171875 0.071875 0.0185546875 0.0498046875
2 0.5609375 0.06640625 0.0123046875 0.0607421875
2 0.3046875 0.05 0.01875 0.050390625
2 0.40234375 0.12109375 0.0140625 0.0673828125
2 0.525 0.0703125 0.0125 0.059375
1 0.303125 0.18359375 0.0185546875 0.0703125
2 0.02890625 0.128125 0.0173828125 0.0685546875
2 0.16484375 0.13828125 0.0169921875 0.0705078125
2 0.184375 0.1796875 0.0185546875 0.0623046875
2 0.57578125 0.09375 0.015625 0.062890625
2 0.66171875 0.1578125 0.0173828125 0.078125
2 0.11484375 0.15625 0.0201171875 0.0716796875
2 0.48984375 0.17578125 0.0173828125 0.06875
2 0.25625 0.18984375 0.024609375 0.0732421875
2 0.62421875 0.31484375 0.0294921875 0.090625
2 0.0078125 0.42578125 0.015625 0.0953125
2 0.28515625 0.1296875 0.01875 0.06875