2 0.2796875 0.3515625 0.0125 0.04375
2 0.56328125 0.3046875 0.0109375 0.0408203125
2 0.3109375 0.409375 0.0158203125 0.0564453125
2 0.3078125 0.32109375 0.0123046875 0.0392578125
2 0.26484375 0.38359375 0.01875 0.0576171875
3 0.740625 0.61875 0.006640625 0.0126953125
2 0.13125 0.434375 0.0158203125 0.062890625
2 0.49921875 0.33515625 0.0142578125 0.0486328125
2 0.44375 0.353125 0.006640625 0.050390625
1 0.39453125 0.409375 0.0107421875 0.0564453125
2 0.140625 0.465625 0.0125 0.0625
2 0.10078125 0.52890625 0.0236328125 0.0640625
2 0.3015625 0.5 0.0126953125 0.0654296875
2 0.35546875 0.265625 0.0078125 0.037890625
2 0.67578125 0.36171875 0.0111328125 0.0546875
2 0.4578125 0.50390625 0.0158203125 0.075
2 0.5140625 0.51796875 0.0185546875 0.0673828125
2 0.840625 0.553125 0.019140625 0.0748046875
2 0.43359375 0.58984375 0.015625 0.0875
2 0.17265625 0.49296875 0.0107421875 0.0701171875
2 0.55546875 0.66875 0.0205078125 0.0908203125
1 0.69296875 0.259375 0.009375 0.0404296875