1 0.32578125 0.20078125 0.0111328125 0.0517578125
2 0.44453125 0.21640625 0.0140625 0.0455078125
2 0.8828125 0.31171875 0.0095703125 0.065625
2 0.84765625 0.28046875 0.0107421875 0.0580078125
2 0.7265625 0.25546875 0.009765625 0.0517578125
2 0.8796875 0.26953125 0.0154296875 0.0548828125
2 0.51953125 0.2609375 0.0107421875 0.05625
2 0.4734375 0.2359375 0.0125 0.0498046875
2 0.28359375 0.2390625 0.0080078125 0.0560546875
2 0.9359375 0.5609375 0.0216796875 0.103125
2 0.36328125 0.3 0.0169921875 0.0654296875
2 0.890625 0.36328125 0.0125 0.0736328125
2 0.7609375 0.3453125 0.0185546875 0.0716796875
2 0.58359375 0.2734375 0.0111328125 0.058984375
2 0.86328125 0.3125 0.0142578125 0.0751953125
0 0.003125 0.3125 0.0060546875 0.0685546875
2 0.678125 0.36015625 0.015625 0.0611328125
2 0.38046875 0.33671875 0.0142578125 0.0673828125
1 0.69609375 0.3203125 0.0169921875 0.065234375
2 0.36640625 0.37265625 0.0142578125 0.0736328125
2 0.04921875 0.38515625 0.0236328125 0.075
2 0.1515625 0.68125 0.034375 0.1158203125
2 0.85546875 0.74140625 0.0267578125 0.1265625
3 0.425 0.2375 0.0060546875 0.012109375