1 0.3015625 0.08984375 0.0154296875 0.0515625
3 0.37734375 0.56328125 0.0078125 0.0169921875
2 0.40859375 0.13828125 0.0138671875 0.0548828125
2 0.80625 0.17578125 0.012890625 0.0671875
2 0.5140625 0.184375 0.015234375 0.065625
2 0.76484375 0.1421875 0.0171875 0.0595703125
2 0.56484375 0.1921875 0.0171875 0.071484375
1 0.66953125 0.28515625 0.0140625 0.0767578125
2 0.84453125 0.23125 0.0201171875 0.0689453125
2 0.8265625 0.2484375 0.0189453125 0.078515625
2 0.90078125 0.27421875 0.021875 0.0859375
2 0.7484375 0.43046875 0.021484375 0.0826171875
2 0.7234375 0.35 0.0220703125 0.0908203125
2 0.22421875 0.2046875 0.0173828125 0.0748046875
2 0.64375 0.29140625 0.024609375 0.0892578125
2 0.9671875 0.40078125 0.0216796875 0.1
2 0.54921875 0.59453125 0.0236328125 0.125
2 0.00625 0.4921875 0.0125 0.109375
2 0.98125 0.803125 0.0375 0.1498046875
2 0.36484375 0.671875 0.03125 0.124609375
2 0.34140625 0.384375 0.0232421875 0.0970703125
2 0.284375 0.33125 0.0185546875 0.0845703125