2 0.47265625 0.246875 0.0142578125 0.0498046875
2 0.63671875 0.3296875 0.0140625 0.0685546875
2 0.665625 0.246875 0.0125 0.0533203125
2 0.68828125 0.265625 0.0111328125 0.0564453125
2 0.74375 0.31171875 0.0123046875 0.0638671875
2 0.8484375 0.39921875 0.016015625 0.090625
2 0.578125 0.3921875 0.012890625 0.0689453125
2 0.56796875 0.30390625 0.0125 0.0640625
2 0.29296875 0.32734375 0.0169921875 0.0638671875
2 0.6203125 0.30390625 0.0125 0.0673828125
2 0.44375 0.45 0.019140625 0.0875
2 0.85390625 0.41171875 0.01875 0.0798828125
2 0.79609375 0.34140625 0.0203125 0.0736328125
2 0.478125 0.39296875 0.0185546875 0.0796875
2 0.55546875 0.67265625 0.0263671875 0.1234375
2 0.15234375 0.53828125 0.0298828125 0.1017578125
2 0.73125 0.4421875 0.0189453125 0.0875
2 0.66484375 0.490625 0.01875 0.0875
2 0.94609375 0.53828125 0.0201171875 0.0951171875
1 0.6375 0.34453125 0.012890625 0.071875
3 0.3828125 0.32109375 0.008984375 0.0140625
1 0.25078125 0.22578125 0.0171875 0.053125