2 0.43671875 0.18671875 0.01875 0.053125
3 0.22421875 0.63125 0.0125 0.018359375
2 0.79921875 0.19453125 0.0111328125 0.0515625
2 0.40078125 0.19296875 0.0171875 0.046875
1 0.4578125 0.3234375 0.025 0.071875
2 0.3109375 0.27734375 0.0283203125 0.0611328125
2 0.2 0.409375 0.0341796875 0.075
2 0.36875 0.2625 0.0248046875 0.0658203125
2 0.8359375 0.2296875 0.0158203125 0.059375
2 0.746875 0.275 0.0123046875 0.062890625
2 0.3546875 0.3390625 0.021875 0.0626953125
2 0.33671875 0.31484375 0.0201171875 0.0732421875
2 0.75859375 0.20546875 0.0171875 0.05625
2 0.53984375 0.24921875 0.0173828125 0.0609375
2 0.196875 0.46640625 0.0345703125 0.0875
2 0.50703125 0.38125 0.0236328125 0.081640625
2 0.3734375 0.33984375 0.0248046875 0.0732421875
2 0.66640625 0.3453125 0.0263671875 0.0814453125
2 0.24140625 0.30234375 0.025 0.0701171875
2 0.87578125 0.3234375 0.0173828125 0.0783203125
2 0.58984375 0.46328125 0.0169921875 0.0767578125
2 0.1640625 0.70703125 0.0560546875 0.115625
1 0.36015625 0.140625 0.0173828125 0.049609375