2 0.53984375 0.296875 0.015625 0.05
2 0.21015625 0.43203125 0.0169921875 0.0669921875
1 0.26875 0.20703125 0.012890625 0.0482421875
2 0.21015625 0.375 0.0169921875 0.0533203125
2 0.5515625 0.31953125 0.015234375 0.0515625
3 0.67578125 0.42734375 0.0076171875 0.0138671875
2 0.37890625 0.2390625 0.0142578125 0.0408203125
2 0.70703125 0.234375 0.009375 0.0501953125
2 0.49140625 0.2203125 0.0169921875 0.04375
2 0.57421875 0.2796875 0.0111328125 0.0564453125
2 0.67734375 0.2375 0.0109375 0.05
1 0.48984375 0.3328125 0.015625 0.059375
2 0.25859375 0.2859375 0.015625 0.0564453125
2 0.3734375 0.29453125 0.015234375 0.0607421875
2 0.38984375 0.3296875 0.0142578125 0.052734375
2 0.7203125 0.25703125 0.0126953125 0.0544921875
2 0.7921875 0.3109375 0.0154296875 0.0658203125
2 0.33125 0.31015625 0.0158203125 0.0607421875
2 0.64765625 0.3265625 0.015625 0.058984375
2 0.45078125 0.33828125 0.0201171875 0.0609375
2 0.7609375 0.44375 0.0248046875 0.075390625
2 0.2375 0.5375 0.0216796875 0.080859375
2 0.475 0.2875 0.0158203125 0.056640625