2 0.57890625 0.38203125 0.0109375 0.046875
2 0.575 0.26484375 0.0126953125 0.0451171875
2 0.66328125 0.30078125 0.0111328125 0.05
2 0.5453125 0.23203125 0.009765625 0.0419921875
0 0.91953125 0.26796875 0.0125 0.0486328125
2 0.55078125 0.35 0.0171875 0.0625
2 0.67109375 0.3859375 0.0173828125 0.0564453125
2 0.6734375 0.32890625 0.015234375 0.0638671875
1 0.4828125 0.34453125 0.015234375 0.0513671875
2 0.246875 0.26796875 0.012890625 0.05
2 0.4421875 0.31796875 0.0125 0.0576171875
2 0.5828125 0.425 0.015625 0.0595703125
2 0.4046875 0.3203125 0.0189453125 0.0533203125
2 0.684375 0.396875 0.0123046875 0.0658203125
2 0.70859375 0.34921875 0.0173828125 0.0609375
2 0.4796875 0.4125 0.016015625 0.062109375
2 0.57890625 0.4875 0.0173828125 0.069140625
2 0.4640625 0.46015625 0.015234375 0.0609375
1 0.928125 0.58984375 0.0220703125 0.0888671875
2 0.225 0.34609375 0.018359375 0.059375
2 0.36328125 0.50390625 0.01875 0.0767578125
2 0.31875 0.48828125 0.0283203125 0.0732421875
2 0.1515625 0.471875 0.0248046875 0.074609375
1 0.2421875 0.1921875 0.0095703125 0.0341796875
3 0.34609375 0.52265625 0.0080078125 0.0169921875