2 0.72734375 0.4890625 0.028125 0.103515625
2 0.7484375 0.3453125 0.022265625 0.090234375
2 0.059375 0.1921875 0.0185546875 0.06875
2 0.76640625 0.19921875 0.0169921875 0.0640625
2 0.16953125 0.25546875 0.0203125 0.0734375
2 0.05625 0.328125 0.025390625 0.090625
2 0.1296875 0.13359375 0.0126953125 0.0607421875
2 0.4078125 0.33125 0.0345703125 0.090625
1 0.68828125 0.29140625 0.0236328125 0.0859375
2 0.82578125 0.2796875 0.0296875 0.06875
2 0.80234375 0.1671875 0.0138671875 0.0716796875
2 0.69140625 0.1203125 0.0142578125 0.0560546875
2 0.66328125 0.11796875 0.0234375 0.0607421875
2 0.38515625 0.17421875 0.0173828125 0.0640625
2 0.871875 0.2 0.01875 0.0685546875
2 0.26015625 0.16328125 0.021875 0.0669921875
2 0.82109375 0.19296875 0.01875 0.0669921875
1 0.625 0.03359375 0.0123046875 0.046875
2 0.83984375 0.2859375 0.021875 0.0720703125