2 0.5453125 0.12421875 0.009765625 0.0375
2 0.6078125 0.17109375 0.009375 0.0453125
2 0.3109375 0.17265625 0.0154296875 0.0455078125
2 0.65625 0.21484375 0.012109375 0.0576171875
2 0.36875 0.2078125 0.0154296875 0.053515625
2 0.4734375 0.225 0.0125 0.05625
1 0.5171875 0.25703125 0.0126953125 0.0611328125
3 0.32734375 0.56640625 0.009375 0.0169921875
2 0.79609375 0.3390625 0.0236328125 0.0625
2 0.5046875 0.44609375 0.015625 0.0642578125
2 0.684375 0.2609375 0.0216796875 0.0685546875
2 0.2484375 0.40390625 0.021484375 0.0798828125
2 0.57578125 0.290625 0.0169921875 0.071875
2 0.0109375 0.4703125 0.021875 0.0875
2 0.23671875 0.4 0.0169921875 0.084375
2 0.44375 0.615625 0.0220703125 0.115625
2 0.58046875 0.3671875 0.0267578125 0.0595703125
2 0.60546875 0.29375 0.01875 0.0685546875
2 0.1203125 0.24296875 0.0185546875 0.0638671875
2 0.7796875 0.43828125 0.028125 0.0767578125
2 0.7484375 0.4625 0.022265625 0.09375
1 0.17421875 0.12265625 0.0125 0.0455078125