3 0.1921875 0.50390625 0.00625 0.0111328125
2 0.66640625 0.26328125 0.009375 0.046875
1 0.278125 0.221875 0.0125 0.0376953125
2 0.6609375 0.22109375 0.0091796875 0.04375
2 0.5578125 0.29140625 0.0095703125 0.0576171875
2 0.81953125 0.4796875 0.0109375 0.0783203125
2 0.5640625 0.30390625 0.0091796875 0.0544921875
2 0.45 0.2453125 0.012109375 0.0470703125
2 0.7171875 0.31015625 0.009375 0.0578125
2 0.6484375 0.334375 0.0123046875 0.056640625
2 0.62578125 0.34453125 0.0138671875 0.0638671875
2 0.68984375 0.334375 0.0111328125 0.068359375
2 0.15546875 0.4796875 0.03125 0.0716796875
1 0.6015625 0.3796875 0.0126953125 0.065625
2 0.78515625 0.4203125 0.015625 0.071875
2 0.43359375 0.434375 0.0138671875 0.0779296875
2 0.30234375 0.3171875 0.0140625 0.0595703125
2 0.64453125 0.43515625 0.0142578125 0.06875
2 0.8109375 0.49140625 0.0154296875 0.08125
2 0.83671875 0.40703125 0.0171875 0.0763671875
2 0.51015625 0.41640625 0.0142578125 0.0767578125
2 0.55546875 0.5265625 0.0169921875 0.0935546875
2 0.2859375 0.72734375 0.0279296875 0.115625