2 0.8625 0.5921875 0.0248046875 0.078515625
2 0.5953125 0.5921875 0.0220703125 0.084765625
2 0.8375 0.48515625 0.0248046875 0.0673828125
2 0.85859375 0.52421875 0.0236328125 0.0705078125
2 0.6125 0.47421875 0.0189453125 0.0734375
2 0.0484375 0.3484375 0.015234375 0.05625
2 0.62734375 0.3546875 0.0138671875 0.0529296875
2 0.13828125 0.40078125 0.0169921875 0.0607421875
2 0.0453125 0.46015625 0.021875 0.0736328125
2 0.10546875 0.30078125 0.0109375 0.0486328125
2 0.33359375 0.4625 0.0294921875 0.0748046875
1 0.5625 0.43046875 0.019140625 0.0703125
2 0.67578125 0.4203125 0.0236328125 0.05625
2 0.65703125 0.32890625 0.0109375 0.0580078125
2 0.565625 0.28984375 0.0125 0.0453125
2 0.54296875 0.28828125 0.0201171875 0.0486328125
0 0.89921875 0.33125 0.0169921875 0.0501953125
2 0.31484375 0.334375 0.0140625 0.0529296875
2 0.71328125 0.35546875 0.015625 0.0548828125
2 0.2125 0.32578125 0.0185546875 0.0546875
2 0.671875 0.34921875 0.015625 0.0546875
1 0.5109375 0.21953125 0.009375 0.0388671875
2 0.6875 0.42578125 0.0185546875 0.059375
3 0.85703125 0.61875 0.0076171875 0.012890625