2 0.4296875 0.33359375 0.0125 0.0673828125
2 0.3078125 0.30234375 0.0123046875 0.059375
2 0.35234375 0.26953125 0.0111328125 0.05625
2 0.53984375 0.3359375 0.0142578125 0.071484375
3 0.61484375 0.8671875 0.015625 0.0220703125
2 0.74765625 0.28046875 0.0138671875 0.0548828125
2 0.44609375 0.38125 0.0138671875 0.074609375
2 0.17734375 0.4125 0.0205078125 0.0814453125
1 0.3625 0.3921875 0.0154296875 0.075
2 0.06953125 0.5625 0.021875 0.0783203125
2 0.2546875 0.57578125 0.021484375 0.071875
2 0.22265625 0.38515625 0.025 0.0767578125
2 0.7484375 0.46484375 0.0185546875 0.090625
2 0.01484375 0.66875 0.0296875 0.087890625
2 0.5328125 0.62734375 0.0189453125 0.1015625
2 0.3390625 0.53203125 0.0341796875 0.0859375
2 0.6265625 0.47578125 0.0310546875 0.090625
2 0.11796875 0.721875 0.0265625 0.105859375
2 0.8890625 0.4078125 0.016015625 0.0814453125
2 0.97109375 0.64140625 0.0267578125 0.1076171875
2 0.4828125 0.88359375 0.05625 0.1263671875
1 0.81640625 0.23359375 0.0138671875 0.0638671875
2 0.271875 0.3453125 0.0189453125 0.0685546875