2 0.4609375 0.44140625 0.009765625 0.0455078125
2 0.465625 0.32734375 0.0125 0.04375
2 0.37890625 0.3625 0.0109375 0.049609375
2 0.49375 0.29453125 0.012109375 0.040625
0 0.12890625 0.3296875 0.0125 0.0470703125
2 0.4890625 0.41015625 0.0158203125 0.0609375
2 0.37109375 0.4453125 0.0171875 0.0560546875
2 0.36953125 0.38984375 0.0138671875 0.0611328125
1 0.5546875 0.4046875 0.015234375 0.05
2 0.78515625 0.33046875 0.0138671875 0.0484375
2 0.5953125 0.37890625 0.0125 0.0548828125
2 0.4578125 0.48359375 0.0154296875 0.0580078125
2 0.63125 0.38125 0.01875 0.0529296875
2 0.35859375 0.45546875 0.0109375 0.0642578125
2 0.334375 0.409375 0.0185546875 0.059375
2 0.55859375 0.47109375 0.0169921875 0.059375
2 0.46171875 0.54453125 0.0171875 0.06875
2 0.5734375 0.51796875 0.015234375 0.059375
1 0.1203125 0.64453125 0.0220703125 0.0861328125
2 0.80703125 0.40625 0.0169921875 0.056640625
2 0.671875 0.5609375 0.01875 0.0751953125
2 0.715625 0.5453125 0.028125 0.071484375
2 0.87890625 0.52890625 0.0236328125 0.071875
1 0.790625 0.25625 0.0095703125 0.031640625
3 0.6890625 0.57890625 0.0091796875 0.015625