2 0.74921875 0.11328125 0.0125 0.0515625
2 0.7328125 0.13359375 0.0216796875 0.0546875
1 0.69921875 0.146875 0.009375 0.0625
2 0.77890625 0.14140625 0.0171875 0.05625
2 0.8609375 0.18515625 0.01875 0.0642578125
2 0.67578125 0.1609375 0.0138671875 0.0626953125
2 0.6203125 0.10703125 0.016015625 0.05625
2 0.79765625 0.175 0.0169921875 0.0626953125
2 0.309375 0.1875 0.0125 0.068359375
2 0.72109375 0.19921875 0.0203125 0.065625
2 0.46328125 0.11328125 0.0107421875 0.0544921875
2 0.50234375 0.16953125 0.0111328125 0.0625
2 0.87890625 0.20703125 0.0205078125 0.0607421875
2 0.64765625 0.28203125 0.0201171875 0.078125
2 0.17734375 0.2390625 0.021875 0.077734375
2 0.4171875 0.72421875 0.03125 0.1328125
2 0.1953125 0.296875 0.0185546875 0.0810546875
2 0.2421875 0.33125 0.0279296875 0.08125
2 0.36796875 0.73515625 0.0296875 0.1375
2 0.66796875 0.42734375 0.0330078125 0.0951171875
2 0.85546875 0.3375 0.0232421875 0.08125
2 0.93359375 0.2359375 0.021875 0.0689453125
1 0.2515625 0.06640625 0.015234375 0.0482421875
2 0.6515625 0.0578125 0.0125 0.052734375
3 0.7921875 0.1984375 0.00625 0.015234375