3 0.51015625 0.5890625 0.0076171875 0.0125
2 0.26171875 0.5171875 0.0169921875 0.053125
2 0.4984375 0.46875 0.0126953125 0.046875
2 0.43359375 0.490625 0.0111328125 0.053125
2 0.1125 0.540625 0.0126953125 0.0654296875
2 0.46328125 0.48828125 0.0171875 0.0513671875
2 0.35546875 0.41015625 0.0142578125 0.0544921875
2 0.23046875 0.58515625 0.0138671875 0.0669921875
2 0.57578125 0.4203125 0.0142578125 0.046875
2 0.12734375 0.5953125 0.0138671875 0.0654296875
2 0.15625 0.61484375 0.018359375 0.0455078125
2 0.3921875 0.43828125 0.0125 0.0515625
1 0.35 0.53125 0.0216796875 0.0623046875
2 0.51953125 0.546875 0.015625 0.05625
2 0.2328125 0.46484375 0.0126953125 0.0580078125
2 0.3671875 0.49296875 0.016015625 0.0580078125
2 0.42734375 0.53671875 0.0171875 0.0580078125
2 0.62890625 0.540625 0.0236328125 0.059375
2 0.17421875 0.6453125 0.0203125 0.071875
2 0.68515625 0.56875 0.015625 0.062890625
2 0.74609375 0.50859375 0.0234375 0.059375
2 0.5546875 0.61796875 0.025 0.0701171875
1 0.815625 0.334375 0.0123046875 0.044140625