2 0.42265625 0.30859375 0.0140625 0.0484375
0 0.18125 0.34140625 0.0125 0.0611328125
2 0.96484375 0.4125 0.0201171875 0.0751953125
2 0.4296875 0.31015625 0.0154296875 0.053125
2 0.3890625 0.26171875 0.0158203125 0.0638671875
2 0.28671875 0.32578125 0.0173828125 0.0609375
2 0.19921875 0.365625 0.0111328125 0.062109375
2 0.37421875 0.29921875 0.0169921875 0.0640625
2 0.5921875 0.26015625 0.015234375 0.0576171875
2 0.55703125 0.334375 0.0138671875 0.0623046875
2 0.9765625 0.2875 0.0158203125 0.062109375
2 0.96328125 0.43984375 0.01875 0.0828125
2 0.32265625 0.340625 0.0232421875 0.0685546875
2 0.21171875 0.3859375 0.0171875 0.071875
1 0.47578125 0.375 0.0169921875 0.0689453125
2 0.51953125 0.42109375 0.0169921875 0.0765625
2 0.378125 0.403125 0.0158203125 0.0720703125
2 0.8265625 0.54609375 0.0248046875 0.0828125
2 0.6359375 0.5375 0.0279296875 0.0875
3 0.44765625 0.33125 0.0076171875 0.0154296875
1 0.49921875 0.1921875 0.0109375 0.0498046875