2 0.453125 0.43125 0.015625 0.0533203125
2 0.52890625 0.45078125 0.0201171875 0.0546875
2 0.515625 0.42265625 0.0189453125 0.05
2 0.525 0.39921875 0.0126953125 0.05
2 0.75 0.50078125 0.024609375 0.0642578125
2 0.59375 0.4234375 0.0126953125 0.0564453125
2 0.440625 0.42734375 0.012890625 0.0607421875
2 0.20546875 0.528125 0.0267578125 0.0654296875
2 0.634375 0.50546875 0.0158203125 0.059375
2 0.5140625 0.659375 0.021484375 0.0783203125
2 0.2546875 0.646875 0.0158203125 0.087109375
2 0.85625 0.628125 0.012890625 0.074609375
2 0.79140625 0.5453125 0.0140625 0.06875
2 0.09296875 0.58515625 0.0169921875 0.0794921875
2 0.82109375 0.5578125 0.0140625 0.0748046875
2 0.8703125 0.671875 0.015625 0.075390625
1 0.5296875 0.5328125 0.0189453125 0.066015625
2 0.6578125 0.5203125 0.0158203125 0.0654296875
2 0.3515625 0.51171875 0.0279296875 0.0607421875
2 0.3828125 0.56875 0.015625 0.071875
2 0.29609375 0.71171875 0.021875 0.0892578125
3 0.4296875 0.484375 0.00625 0.0123046875
1 0.546875 0.34921875 0.0125 0.0486328125