2 0.4328125 0.459375 0.0125 0.0345703125
2 0.52109375 0.47421875 0.0109375 0.053125
0 0.815625 0.3953125 0.015625 0.05
2 0.759375 0.50390625 0.0095703125 0.0607421875
2 0.65703125 0.4359375 0.0107421875 0.0533203125
2 0.66328125 0.51484375 0.0107421875 0.0607421875
2 0.5515625 0.37890625 0.0126953125 0.0482421875
2 0.4296875 0.4921875 0.0248046875 0.059375
2 0.75078125 0.5421875 0.0140625 0.0564453125
2 0.671875 0.5640625 0.0126953125 0.066015625
2 0.5203125 0.3953125 0.015234375 0.0466796875
2 0.70703125 0.546875 0.0142578125 0.0404296875
2 0.29140625 0.403125 0.0138671875 0.0498046875
2 0.54375 0.5 0.0125 0.0533203125
2 0.53203125 0.50859375 0.0173828125 0.0576171875
1 0.56875 0.4828125 0.018359375 0.0564453125
1 0.9453125 0.70703125 0.027734375 0.0736328125
2 0.4046875 0.49453125 0.015234375 0.0580078125
2 0.7046875 0.64296875 0.015234375 0.0705078125
2 0.31796875 0.5640625 0.0173828125 0.077734375
2 0.071875 0.50546875 0.0126953125 0.0625
2 0.2703125 0.5703125 0.0158203125 0.0654296875
2 0.46484375 0.61953125 0.0234375 0.0673828125
1 0.05625 0.30703125 0.009375 0.0388671875
3 0.51171875 0.51171875 0.0078125 0.0142578125