2 0.4421875 0.20625 0.015625 0.069140625
2 0.41328125 0.2859375 0.0140625 0.0720703125
2 0.425 0.23046875 0.0154296875 0.0669921875
2 0.5125 0.19921875 0.0185546875 0.06875
3 0.48359375 0.5609375 0.0080078125 0.015625
2 0.38671875 0.22890625 0.0169921875 0.0765625
2 0.57265625 0.18125 0.0169921875 0.0658203125
2 0.171875 0.51328125 0.01875 0.0828125
2 0.190625 0.55625 0.0279296875 0.093359375
2 0.30625 0.28046875 0.0158203125 0.0732421875
0 0.1953125 0.22890625 0.025 0.075
2 0.3390625 0.25390625 0.015625 0.0705078125
2 0.48125 0.30625 0.018359375 0.0720703125
2 0.6296875 0.23359375 0.015625 0.0732421875
1 0.6 0.2828125 0.0154296875 0.0783203125
2 0.303125 0.375 0.0314453125 0.090625
2 0.25546875 0.44609375 0.0296875 0.0861328125
2 0.80546875 0.240625 0.0169921875 0.075
2 0.8015625 0.3890625 0.016015625 0.0904296875
2 0.3890625 0.4734375 0.0185546875 0.0748046875
2 0.521875 0.53203125 0.0248046875 0.1048828125
2 0.99609375 0.51484375 0.0078125 0.1107421875