2 0.31484375 0.4265625 0.0173828125 0.0375
0 0.21640625 0.4484375 0.0169921875 0.0341796875
2 0.3296875 0.4234375 0.009765625 0.0439453125
2 0.31796875 0.46015625 0.0173828125 0.0421875
2 0.4484375 0.4203125 0.0125 0.04375
2 0.2703125 0.45703125 0.0189453125 0.0451171875
2 0.10703125 0.52734375 0.0142578125 0.0451171875
2 0.45546875 0.4515625 0.0169921875 0.046875
1 0.47890625 0.47265625 0.009375 0.05625
2 0.14765625 0.503125 0.0111328125 0.0498046875
2 0.40078125 0.428125 0.0107421875 0.040625
2 0.3421875 0.4703125 0.0216796875 0.047265625
2 0.265625 0.50390625 0.012109375 0.0578125
2 0.36796875 0.51484375 0.0138671875 0.0578125
2 0.60390625 0.43359375 0.0138671875 0.053125
2 0.15859375 0.53828125 0.0142578125 0.0546875
2 0.37421875 0.58828125 0.0169921875 0.0625
2 0.84453125 0.48828125 0.0107421875 0.059375
2 0.29375 0.56015625 0.0123046875 0.0705078125
2 0.8046875 0.6140625 0.015625 0.071875
2 0.74140625 0.56171875 0.0125 0.0638671875
2 0.5109375 0.6171875 0.016015625 0.072265625
3 0.1015625 0.54375 0.0064453125 0.0154296875