2 0.28359375 0.365625 0.0142578125 0.050390625
2 0.41171875 0.390625 0.0125 0.0466796875
2 0.253125 0.3890625 0.012890625 0.047265625
2 0.40078125 0.3890625 0.015625 0.047265625
2 0.20546875 0.41875 0.0171875 0.0470703125
2 0.7078125 0.4078125 0.022265625 0.058984375
2 0.33828125 0.4109375 0.0173828125 0.047265625
2 0.065625 0.4421875 0.0185546875 0.05
2 0.45234375 0.49765625 0.0125 0.0625
2 0.27421875 0.48828125 0.0169921875 0.0580078125
2 0.1328125 0.46171875 0.015625 0.0580078125
2 0.41484375 0.5125 0.0169921875 0.0595703125
2 0.55390625 0.60390625 0.0111328125 0.0732421875
1 0.18203125 0.48203125 0.021875 0.0609375
2 0.9109375 0.7109375 0.022265625 0.083984375
2 0.2515625 0.71953125 0.0279296875 0.0830078125
2 0.70234375 0.48046875 0.0203125 0.0580078125
2 0.04921875 0.75546875 0.0169921875 0.0859375
1 0.60859375 0.34921875 0.0140625 0.0482421875
3 0.275 0.41484375 0.009375 0.0169921875
2 0.275 0.46796875 0.0158203125 0.0578125