2 0.6703125 0.35546875 0.015234375 0.0421875
1 0.08203125 0.971875 0.0298828125 0.05625
2 0.790625 0.4765625 0.0126953125 0.05625
2 0.6203125 0.3875 0.015234375 0.043359375
0 0.9640625 0.4421875 0.0154296875 0.0498046875
1 0.60859375 0.4640625 0.0169921875 0.0533203125
2 0.6578125 0.3875 0.0154296875 0.0375
2 0.75859375 0.46484375 0.0232421875 0.0515625
2 0.3921875 0.38359375 0.0095703125 0.0451171875
2 0.3203125 0.490625 0.0123046875 0.0529296875
2 0.8015625 0.4828125 0.0123046875 0.053125
2 0.28046875 0.62109375 0.0234375 0.0638671875
2 0.459375 0.43984375 0.0095703125 0.0486328125
2 0.1546875 0.4375 0.0125 0.0498046875
2 0.7625 0.40859375 0.0154296875 0.046875
2 0.675 0.41953125 0.0189453125 0.04375
2 0.2109375 0.4234375 0.0185546875 0.0529296875
2 0.47890625 0.53515625 0.0142578125 0.0625
2 0.184375 0.4859375 0.015625 0.0625
2 0.3546875 0.61796875 0.021484375 0.0673828125
2 0.82421875 0.46796875 0.01875 0.05625
2 0.24921875 0.52265625 0.0171875 0.0640625
2 0.65703125 0.50078125 0.0203125 0.0546875
1 0.6265625 0.3265625 0.0125 0.040234375
3 0.678125 0.38984375 0.005859375 0.0080078125