2 0.69609375 0.37265625 0.0142578125 0.04375
2 0.82265625 0.5 0.0140625 0.0591796875
2 0.64453125 0.40703125 0.0142578125 0.04375
1 0.63125 0.4859375 0.0185546875 0.05625
2 0.68359375 0.40625 0.015625 0.037890625
2 0.7890625 0.4875 0.022265625 0.0533203125
2 0.4046875 0.40234375 0.009765625 0.046875
2 0.3296875 0.51484375 0.0125 0.0546875
2 0.83359375 0.50625 0.0125 0.0560546875
2 0.28671875 0.6515625 0.025 0.0658203125
2 0.475 0.46171875 0.012109375 0.0515625
2 0.15546875 0.45859375 0.0138671875 0.0515625
2 0.79375 0.42890625 0.015625 0.0484375
2 0.7015625 0.43984375 0.021484375 0.0455078125
2 0.2140625 0.44453125 0.0189453125 0.0546875
2 0.4953125 0.5609375 0.015625 0.065625
2 0.1859375 0.509375 0.0158203125 0.065625
2 0.36484375 0.64765625 0.0205078125 0.0705078125
2 0.85859375 0.49140625 0.0201171875 0.0580078125
2 0.25390625 0.5484375 0.0173828125 0.066015625
2 0.68203125 0.525 0.0205078125 0.056640625
1 0.65078125 0.3421875 0.0138671875 0.040625
3 0.7046875 0.40859375 0.003515625 0.0080078125