3 0.62578125 0.51328125 0.00625 0.0111328125
2 0.390625 0.4453125 0.015625 0.05
2 0.61484375 0.39921875 0.0125 0.0451171875
2 0.553125 0.41953125 0.0123046875 0.05
2 0.25 0.4671875 0.0125 0.0623046875
2 0.58125 0.4171875 0.0158203125 0.0470703125
0 0.13515625 0.37109375 0.0169921875 0.05
2 0.47890625 0.34375 0.0140625 0.0501953125
2 0.3609375 0.509375 0.0125 0.0625
2 0.6875 0.353125 0.012890625 0.0439453125
2 0.26328125 0.51953125 0.0125 0.0611328125
2 0.290625 0.5375 0.0158203125 0.04375
2 0.5140625 0.3703125 0.0123046875 0.0498046875
1 0.47421875 0.4578125 0.0201171875 0.0591796875
2 0.634375 0.4734375 0.0154296875 0.053125
2 0.36328125 0.39609375 0.0125 0.0548828125
1 0.04453125 0.70625 0.0236328125 0.0845703125
2 0.48984375 0.42265625 0.0169921875 0.0548828125
2 0.546875 0.4640625 0.0158203125 0.0560546875
2 0.73828125 0.4671875 0.0232421875 0.05625
2 0.3078125 0.565625 0.01875 0.0685546875
2 0.790625 0.49453125 0.0154296875 0.0609375
2 0.84921875 0.43671875 0.021875 0.05625
2 0.6671875 0.540625 0.0248046875 0.065625
1 0.91484375 0.271875 0.0111328125 0.043359375