2 0.63203125 0.3453125 0.0138671875 0.046484375
2 0.51953125 0.3671875 0.0109375 0.0408203125
2 0.659375 0.36640625 0.0125 0.0423828125
2 0.52890625 0.36640625 0.0140625 0.0423828125
2 0.7015625 0.3921875 0.0154296875 0.041015625
2 0.25703125 0.3828125 0.0203125 0.0501953125
2 0.58359375 0.38515625 0.015625 0.0423828125
2 0.82578125 0.41328125 0.0169921875 0.0451171875
2 0.4828125 0.4625 0.009765625 0.0560546875
2 0.64140625 0.45390625 0.0140625 0.0517578125
2 0.765625 0.43046875 0.012890625 0.0517578125
2 0.51640625 0.47578125 0.0140625 0.053125
2 0.39296875 0.55625 0.0109375 0.062890625
1 0.72265625 0.4484375 0.0201171875 0.053515625
2 0.8953125 0.4609375 0.0126953125 0.05625
2 0.0765625 0.6515625 0.021484375 0.072265625
2 0.6609375 0.659375 0.0248046875 0.0748046875
2 0.26171875 0.44765625 0.0173828125 0.0517578125
1 0.9265625 0.96796875 0.0283203125 0.0640625
2 0.840625 0.69140625 0.012890625 0.0765625
2 0.896875 0.58984375 0.018359375 0.0734375
1 0.3453125 0.33125 0.0125 0.043359375
3 0.640625 0.3890625 0.006640625 0.015234375
2 0.640625 0.4359375 0.012890625 0.0501953125