2 0.209375 0.72421875 0.01875 0.0701171875
2 0.7328125 0.64140625 0.0154296875 0.0482421875
2 0.45390625 0.57265625 0.0111328125 0.0576171875
2 0.60859375 0.54453125 0.0125 0.0453125
2 0.21015625 0.73359375 0.0263671875 0.0763671875
2 0.31484375 0.48125 0.0140625 0.044140625
2 0.6734375 0.5671875 0.0125 0.052734375
2 0.42109375 0.534375 0.0125 0.0435546875
1 0.4375 0.63671875 0.0125 0.0548828125
2 0.00625 0.64375 0.0125 0.053125
2 0.11015625 0.559375 0.0111328125 0.053125
2 0.6578125 0.59609375 0.0123046875 0.0578125
2 0.73125 0.68828125 0.015625 0.0705078125
2 0.28515625 0.58203125 0.0138671875 0.0513671875
2 0.55078125 0.64765625 0.015625 0.0638671875
2 0.16015625 0.940625 0.0236328125 0.0810546875
2 0.446875 0.7796875 0.0125 0.066015625
2 0.02734375 0.74609375 0.0201171875 0.065625
2 0.778125 0.8375 0.0158203125 0.0779296875
1 0.6390625 0.46875 0.015625 0.0470703125
3 0.221875 0.76796875 0.006640625 0.0140625