2 0.73203125 0.475 0.0138671875 0.037109375
2 0.4671875 0.49921875 0.0125 0.0455078125
1 0.54296875 0.58671875 0.0140625 0.053125
2 0.71171875 0.55078125 0.0109375 0.04375
2 0.38125 0.5015625 0.009375 0.0435546875
2 0.91015625 0.60390625 0.0203125 0.0578125
2 0.64140625 0.51015625 0.0109375 0.04375
2 0.82734375 0.565625 0.0140625 0.0501953125
2 0.31640625 0.55234375 0.0140625 0.0513671875
2 0.57734375 0.54296875 0.0080078125 0.0455078125
2 0.06328125 0.63046875 0.0125 0.0607421875
2 0.36875 0.6015625 0.012890625 0.05
2 0.18671875 0.55703125 0.0138671875 0.05
2 0.26640625 0.63046875 0.0111328125 0.0625
2 0.7640625 0.57734375 0.015234375 0.0484375
2 0.23515625 0.728125 0.0111328125 0.0654296875
2 0.7796875 0.66796875 0.0095703125 0.0578125
2 0.9265625 0.65703125 0.016015625 0.0625
2 0.41484375 0.6890625 0.0142578125 0.0626953125
2 0.49609375 0.72890625 0.0142578125 0.0638671875
2 0.21484375 0.8734375 0.0171875 0.078515625
1 0.33984375 0.453125 0.0107421875 0.04375
3 0.90234375 0.625 0.00625 0.012890625