2 0.4125 0.396875 0.0095703125 0.037109375
2 0.6453125 0.47109375 0.0091796875 0.0455078125
2 0.55234375 0.50234375 0.0125 0.046875
2 0.61328125 0.55 0.0109375 0.0529296875
2 0.31015625 0.46328125 0.0109375 0.04375
2 0.5546875 0.44140625 0.009375 0.0392578125
2 0.69375 0.4953125 0.012890625 0.0470703125
2 0.65703125 0.45 0.0080078125 0.040625
2 0.67265625 0.8125 0.0234375 0.071875
2 0.534375 0.4984375 0.0091796875 0.046875
1 0.57890625 0.60859375 0.0142578125 0.059375
1 0.0109375 0.85625 0.0216796875 0.08125
2 0.37265625 0.5734375 0.0125 0.047265625
2 0.13984375 0.640625 0.015625 0.0625
2 0.671875 0.5625 0.015625 0.0560546875
2 0.38046875 0.60390625 0.0125 0.0546875
2 0.55703125 0.66796875 0.0142578125 0.065625
2 0.73203125 0.57421875 0.0138671875 0.0546875
2 0.459375 0.80234375 0.0154296875 0.0732421875
2 0.73984375 0.7078125 0.015625 0.065625
2 0.4921875 0.66484375 0.0125 0.0638671875
2 0.52265625 0.765625 0.015625 0.075390625
1 0.634375 0.3703125 0.009375 0.0345703125
3 0.3765625 0.5828125 0.00625 0.009765625