3 0.865625 0.63671875 0.00625 0.0125
2 0.83125 0.60625 0.028125 0.030859375
0 0.88828125 0.45390625 0.0203125 0.0455078125
2 0.69609375 0.5171875 0.015625 0.0501953125
2 0.89375 0.62421875 0.01875 0.0482421875
2 0.85703125 0.559375 0.0169921875 0.056640625
2 0.790625 0.590625 0.0154296875 0.050390625
2 0.55 0.49609375 0.012109375 0.0517578125
1 0.62578125 0.53671875 0.0080078125 0.0548828125
2 0.70078125 0.44296875 0.0142578125 0.0484375
2 0.91171875 0.61484375 0.0142578125 0.0580078125
2 0.33515625 0.44453125 0.0138671875 0.0482421875
2 0.76171875 0.496875 0.0138671875 0.053125
2 0.74140625 0.58515625 0.0140625 0.0546875
2 0.58515625 0.57421875 0.0107421875 0.0625
2 0.6328125 0.43515625 0.0154296875 0.0453125
2 0.6703125 0.6453125 0.0123046875 0.06875
2 0.609375 0.70390625 0.0154296875 0.0736328125
2 0.82890625 0.65703125 0.0142578125 0.0671875
2 0.50546875 0.6 0.0125 0.0685546875
2 0.36015625 0.690625 0.0171875 0.0751953125
2 0.3265625 0.67890625 0.021484375 0.0673828125
2 0.13828125 0.578125 0.0125 0.0623046875
1 0.12578125 0.3609375 0.0107421875 0.0408203125