3 0.103125 0.74609375 0.006640625 0.0142578125
2 0.2796875 0.47890625 0.009375 0.05
2 0.1359375 0.68203125 0.0158203125 0.0701171875
2 0.3484375 0.4578125 0.0095703125 0.059765625
0 0.20078125 0.43359375 0.0125 0.05625
2 0.4609375 0.484375 0.015234375 0.0564453125
2 0.3296875 0.4484375 0.015234375 0.0595703125
2 0.321875 0.55625 0.015625 0.0595703125
2 0.3890625 0.42265625 0.009765625 0.0544921875
2 0.28984375 0.48046875 0.015625 0.0580078125
2 0.45546875 0.43203125 0.0125 0.0546875
2 0.44765625 0.409375 0.0111328125 0.0529296875
2 0.3671875 0.4796875 0.0126953125 0.058984375
1 0.4859375 0.4828125 0.009765625 0.058984375
2 0.159375 0.70859375 0.0279296875 0.0486328125
2 0.36953125 0.58359375 0.0173828125 0.06875
2 0.6328125 0.44609375 0.0095703125 0.0546875
2 0.12734375 0.7390625 0.021875 0.078515625
2 0.33671875 0.6875 0.0203125 0.071875
2 0.4640625 0.67109375 0.0158203125 0.0798828125
2 0.66015625 0.5671875 0.0169921875 0.0654296875
2 0.85390625 0.6859375 0.01875 0.0875
2 0.84921875 0.484375 0.0140625 0.0625