2 0.15859375 0.51484375 0.0138671875 0.0576171875
2 0.29609375 0.3328125 0.0173828125 0.0466796875
2 0.434375 0.35703125 0.021875 0.0423828125
1 0.415625 0.496875 0.025 0.0654296875
2 0.54296875 0.41484375 0.0173828125 0.0544921875
2 0.05546875 0.41484375 0.0201171875 0.0580078125
2 0.14375 0.54765625 0.0279296875 0.0705078125
2 0.4734375 0.41328125 0.021875 0.0513671875
2 0.01484375 0.48359375 0.021875 0.0546875
2 0.340625 0.47890625 0.0154296875 0.059375
2 0.54140625 0.49140625 0.0232421875 0.059375
2 0.12578125 0.48515625 0.0201171875 0.0705078125
2 0.60625 0.62578125 0.0189453125 0.0765625
2 0.37890625 0.62578125 0.0203125 0.08125
2 0.2546875 0.7875 0.021484375 0.0939453125
2 0.66875 0.67265625 0.0251953125 0.084375
2 0.81640625 0.4515625 0.0171875 0.0654296875
2 0.0609375 0.73984375 0.025 0.0861328125
2 0.69765625 0.5109375 0.028125 0.066015625
2 0.86328125 0.578125 0.0236328125 0.075
2 0.78828125 0.80234375 0.03125 0.0892578125
3 0.47109375 0.37265625 0.0046875 0.0109375
1 0.7109375 0.325 0.016015625 0.049609375