3 0.93125 0.46015625 0.0064453125 0.0138671875
2 0.96875 0.465625 0.019140625 0.040625
2 0.96640625 0.50703125 0.0205078125 0.0701171875
0 0.94296875 0.25625 0.0171875 0.062109375
2 0.9703125 0.53671875 0.0158203125 0.078125
2 0.58046875 0.2359375 0.0169921875 0.0533203125
2 0.246875 0.24296875 0.0125 0.0546875
2 0.67265625 0.26171875 0.0125 0.0625
2 0.63828125 0.3234375 0.0138671875 0.059765625
2 0.40390625 0.31796875 0.0125 0.0638671875
2 0.77890625 0.4546875 0.0125 0.077734375
2 0.86796875 0.5421875 0.0201171875 0.083984375
1 0.5515625 0.3859375 0.0189453125 0.0685546875
2 0.52890625 0.4609375 0.0140625 0.078125
2 0.7046875 0.5125 0.0185546875 0.0875
2 0.90703125 0.5375 0.0171875 0.0810546875
2 0.76796875 0.32421875 0.0205078125 0.0642578125
2 0.3328125 0.5859375 0.021484375 0.096484375
2 0.659375 0.63515625 0.019140625 0.0984375
2 0.68515625 0.53203125 0.0173828125 0.0828125
2 0.18984375 0.61875 0.0265625 0.094140625
2 0.42734375 0.5 0.015625 0.0783203125
2 0.04609375 0.43671875 0.021875 0.0794921875
1 0.06640625 0.14296875 0.0109375 0.0482421875