2 0.653125 0.41015625 0.0125 0.0451171875
1 0.534375 0.46484375 0.0216796875 0.0546875
1 0.56015625 0.32421875 0.0107421875 0.0388671875
2 0.43046875 0.3984375 0.0109375 0.0376953125
2 0.128125 0.49296875 0.028125 0.0517578125
2 0.57578125 0.41953125 0.0107421875 0.0484375
2 0.63515625 0.3875 0.0107421875 0.049609375
2 0.6609375 0.440625 0.0185546875 0.056640625
2 0.18046875 0.3890625 0.0125 0.0625
2 0.690625 0.43046875 0.0154296875 0.0580078125
2 0.84140625 0.42265625 0.0125 0.0515625
2 0.05859375 0.44296875 0.015625 0.0517578125
2 0.465625 0.3984375 0.0158203125 0.0376953125
2 0.65625 0.4875 0.0154296875 0.05625
2 0.1921875 0.3984375 0.021484375 0.047265625
2 0.7890625 0.47890625 0.015234375 0.0517578125
2 0.51875 0.48984375 0.021875 0.0515625
2 0.81328125 0.49453125 0.0140625 0.0625
2 0.45234375 0.58203125 0.0173828125 0.0640625
2 0.23515625 0.60390625 0.025 0.0611328125
3 0.4234375 0.421875 0.0060546875 0.012109375
0 0.89609375 0.44765625 0.0205078125 0.0625
2 0.12578125 0.478125 0.01875 0.055859375