2 0.35 0.196875 0.0123046875 0.046875
2 0.37421875 0.2890625 0.0125 0.066015625
0 0.2 0.246875 0.0216796875 0.075390625
2 0.54375 0.4390625 0.0314453125 0.084375
2 0.5390625 0.5125 0.0341796875 0.075390625
2 0.3421875 0.23671875 0.0185546875 0.075
2 0.28046875 0.515625 0.0232421875 0.0939453125
2 0.62421875 0.3125 0.0205078125 0.0810546875
2 0.4 0.29375 0.0216796875 0.0716796875
2 0.4984375 0.24296875 0.0216796875 0.0673828125
2 0.4890625 0.534375 0.021875 0.0998046875
2 0.16484375 0.52734375 0.0267578125 0.0951171875
2 0.36796875 0.36171875 0.021875 0.090625
2 0.91640625 0.6953125 0.0388671875 0.102734375
1 0.61484375 0.39375 0.0232421875 0.0904296875
2 0.51015625 0.57265625 0.025 0.1109375
2 0.25078125 0.5140625 0.021875 0.0904296875
2 0.1359375 0.36171875 0.0189453125 0.0892578125
2 0.93671875 0.65546875 0.0296875 0.1048828125
2 0.925 0.31328125 0.0216796875 0.0861328125
2 0.653125 0.553125 0.0251953125 0.109375
3 0.53046875 0.53828125 0.0080078125 0.0169921875