2 0.5375 0.65625 0.0189453125 0.025390625
2 0.35546875 0.39609375 0.0080078125 0.046875
2 0.275 0.34609375 0.0095703125 0.0296875
2 0.34921875 0.38984375 0.0080078125 0.0328125
2 0.5296875 0.6578125 0.021484375 0.028515625
1 0.2234375 0.334375 0.0091796875 0.040625
1 0.7859375 0.93046875 0.0158203125 0.0826171875
2 0.2828125 0.35078125 0.009375 0.0375
2 0.36015625 0.3734375 0.0140625 0.04375
2 0.5 0.36171875 0.0126953125 0.0359375
2 0.51875 0.36796875 0.012890625 0.0359375
2 0.26640625 0.40546875 0.0140625 0.0455078125
1 0.371875 0.43984375 0.0095703125 0.0515625
2 0.52578125 0.703125 0.0201171875 0.0751953125
2 0.659375 0.41875 0.0123046875 0.053125
2 0.14140625 0.378125 0.0138671875 0.04375
2 0.38359375 0.3984375 0.0107421875 0.046484375
2 0.13203125 0.4578125 0.0111328125 0.0533203125
2 0.50390625 0.45859375 0.0109375 0.053125
2 0.48515625 0.56484375 0.0201171875 0.059375
2 0.70078125 0.47109375 0.0138671875 0.0546875
2 0.35 0.47734375 0.0154296875 0.0544921875
2 0.7234375 0.47109375 0.015625 0.05625
2 0.1484375 0.50078125 0.0154296875 0.05625