2 0.73515625 0.3390625 0.015625 0.046875
2 0.64921875 0.26796875 0.0080078125 0.0357421875
2 0.84140625 0.315625 0.0138671875 0.040625
2 0.74765625 0.36328125 0.0109375 0.0486328125
2 0.546875 0.26953125 0.006640625 0.0375
2 0.809375 0.2765625 0.012109375 0.034375
2 0.5390625 0.29375 0.015625 0.0345703125
2 0.69140625 0.275 0.0169921875 0.0345703125
2 0.32734375 0.3015625 0.009375 0.046875
2 0.5609375 0.28046875 0.0095703125 0.0453125
2 0.5609375 0.365625 0.015234375 0.0435546875
2 0.83203125 0.55859375 0.028125 0.075
2 0.934375 0.33984375 0.0126953125 0.0455078125
2 0.41875 0.45546875 0.015625 0.0642578125
2 0.46328125 0.3609375 0.0138671875 0.0533203125
2 0.2109375 0.4953125 0.0220703125 0.0623046875
2 0.334375 0.34921875 0.0158203125 0.0484375
2 0.9328125 0.459375 0.027734375 0.0623046875
3 0.85703125 0.31171875 0.0046875 0.0107421875
2 0.8484375 0.29140625 0.0158203125 0.046875
1 0.7421875 0.34140625 0.0216796875 0.04375
1 0.4078125 0.24375 0.0123046875 0.0466796875