2 0.3375 0.4875 0.012890625 0.0470703125
1 0.465625 0.54609375 0.0220703125 0.0580078125
1 0.43828125 0.3953125 0.0109375 0.0408203125
2 0.5765625 0.475 0.0123046875 0.0408203125
2 0.903125 0.57734375 0.030859375 0.05625
2 0.42109375 0.496875 0.0109375 0.0529296875
2 0.35703125 0.4625 0.0109375 0.0529296875
2 0.32890625 0.5203125 0.0201171875 0.0623046875
2 0.846875 0.46484375 0.0126953125 0.0673828125
2 0.29765625 0.509375 0.0169921875 0.0626953125
2 0.13515625 0.50078125 0.0138671875 0.0548828125
2 0.97734375 0.52265625 0.0171875 0.05625
2 0.53984375 0.475 0.0171875 0.0408203125
2 0.334375 0.5703125 0.015625 0.059765625
2 0.83359375 0.475 0.021875 0.0529296875
2 0.19140625 0.56171875 0.0142578125 0.05625
2 0.4828125 0.5734375 0.022265625 0.0560546875
2 0.165625 0.578125 0.0154296875 0.0685546875
2 0.55390625 0.67265625 0.0201171875 0.06875
2 0.7875 0.69609375 0.025390625 0.0669921875
3 0.584375 0.5 0.00625 0.0125
0 0.07578125 0.52734375 0.0232421875 0.0673828125
2 0.9046875 0.5609375 0.021484375 0.0591796875