2 0.31640625 0.60703125 0.0140625 0.0546875
2 0.7265625 0.5421875 0.0123046875 0.0375
2 0.5078125 0.48828125 0.009375 0.0451171875
2 0.62890625 0.46640625 0.0107421875 0.0359375
2 0.31640625 0.61484375 0.0203125 0.059375
2 0.39921875 0.4171875 0.0109375 0.034765625
2 0.6796875 0.484375 0.0095703125 0.040625
2 0.48203125 0.45859375 0.0107421875 0.0330078125
1 0.4953125 0.53828125 0.0095703125 0.04375
2 0.15546875 0.5453125 0.0111328125 0.041015625
2 0.23828125 0.478125 0.0080078125 0.0408203125
2 0.6671875 0.50703125 0.009375 0.0453125
2 0.725 0.57890625 0.0125 0.0548828125
2 0.11953125 0.584375 0.0169921875 0.0498046875
2 0.37578125 0.49609375 0.0109375 0.0392578125
2 0.58359375 0.54765625 0.0125 0.0486328125
2 0.278125 0.7765625 0.01875 0.0626953125
2 0.50234375 0.65078125 0.0107421875 0.0517578125
2 0.71171875 0.8515625 0.0203125 0.078125
2 0.17421875 0.62421875 0.015625 0.0515625
2 0.76171875 0.69609375 0.0125 0.0607421875
1 0.653125 0.4078125 0.0125 0.0375
3 0.32578125 0.64140625 0.00625 0.0109375