2 0.12890625 0.41484375 0.0138671875 0.0701171875
2 0.2234375 0.38515625 0.015234375 0.084375
0 0.01875 0.3515625 0.0185546875 0.078125
2 0.38046875 0.421875 0.0201171875 0.0783203125
2 0.19765625 0.37265625 0.0201171875 0.0830078125
2 0.1875 0.52265625 0.021875 0.0830078125
2 0.28046875 0.33671875 0.015625 0.075
2 0.14296875 0.41640625 0.021875 0.0826171875
2 0.37265625 0.35 0.0173828125 0.075390625
2 0.3625 0.31796875 0.0158203125 0.0732421875
2 0.25 0.415625 0.01875 0.0810546875
1 0.41484375 0.4203125 0.015625 0.0810546875
2 0.25390625 0.56015625 0.025 0.0953125
2 0.61953125 0.36875 0.0142578125 0.075390625
2 0.2078125 0.70390625 0.028125 0.1
2 0.38515625 0.68203125 0.0232421875 0.1111328125
2 0.6578125 0.53671875 0.0220703125 0.0892578125
2 0.9265625 0.703125 0.0251953125 0.121875
2 0.9203125 0.421875 0.021484375 0.0875