2 0.41484375 0.34140625 0.0138671875 0.0705078125
2 0.41484375 0.26953125 0.0205078125 0.0736328125
0 0.34140625 0.2859375 0.0203125 0.0716796875
2 0.4421875 0.2609375 0.0216796875 0.0748046875
3 0.340625 0.60859375 0.0095703125 0.015625
2 0.40546875 0.3640625 0.0173828125 0.084375
2 0.60546875 0.35859375 0.0173828125 0.0736328125
2 0.13984375 0.45234375 0.0205078125 0.0736328125
2 0.47109375 0.32578125 0.0169921875 0.0736328125
2 0.26875 0.434375 0.018359375 0.0841796875
2 0.359375 0.51484375 0.0220703125 0.0826171875
2 0.296875 0.35703125 0.018359375 0.0796875
2 0.56796875 0.31484375 0.0201171875 0.0705078125
2 0.5921875 0.284375 0.016015625 0.0716796875
2 0.175 0.44375 0.019140625 0.0810546875
1 0.70703125 0.3765625 0.0169921875 0.0810546875
2 0.59375 0.4234375 0.019140625 0.0748046875
2 0.89609375 0.3140625 0.0205078125 0.0751953125
2 0.36953125 0.5671875 0.0359375 0.078515625
2 0.45390625 0.58828125 0.0294921875 0.0875