2 0.57890625 0.734375 0.0142578125 0.05
0 0.9359375 0.49296875 0.015625 0.065625
2 0.08984375 0.66875 0.0234375 0.0716796875
2 0.57578125 0.4609375 0.0201171875 0.0595703125
2 0.59765625 0.56875 0.015625 0.069140625
2 0.67578125 0.478125 0.0169921875 0.0654296875
2 0.50234375 0.5421875 0.0125 0.0685546875
2 0.64921875 0.4953125 0.0173828125 0.0626953125
2 0.58125 0.78203125 0.0314453125 0.0859375
2 0.2265625 0.47265625 0.0185546875 0.0578125
2 0.70859375 0.53828125 0.015625 0.075
1 0.453125 0.6015625 0.019140625 0.06875
2 0.61796875 0.61328125 0.01875 0.0830078125
2 0.40859375 0.66875 0.0173828125 0.0841796875
2 0.03359375 0.653125 0.0294921875 0.0810546875
2 0.678125 0.74296875 0.019140625 0.0828125
2 0.26015625 0.78359375 0.0232421875 0.09375
2 0.859375 0.71484375 0.021875 0.090625
2 0.5640625 0.865625 0.0373046875 0.0966796875
2 0.50546875 0.665625 0.0263671875 0.0751953125
2 0.7359375 0.95703125 0.034375 0.0859375