2 0.68046875 0.34296875 0.0107421875 0.0392578125
2 0.728125 0.340625 0.0154296875 0.04375
2 0.225 0.41640625 0.012890625 0.0578125
2 0.70625 0.3734375 0.0095703125 0.05
2 0.4125 0.346875 0.018359375 0.046875
2 0.16171875 0.44921875 0.0140625 0.0580078125
2 0.47734375 0.44453125 0.0109375 0.0576171875
2 0.2484375 0.67734375 0.0216796875 0.078125
2 0.246875 0.475 0.0126953125 0.068359375
2 0.33671875 0.5015625 0.0171875 0.059765625
1 0.63828125 0.47734375 0.015625 0.0609375
2 0.3 0.5328125 0.01875 0.071484375
2 0.90078125 0.4140625 0.0171875 0.0564453125
2 0.8796875 0.5015625 0.0251953125 0.066015625
2 0.9453125 0.59140625 0.0189453125 0.0701171875
2 0.5046875 0.58203125 0.016015625 0.0736328125
2 0.73125 0.44140625 0.0189453125 0.0607421875
2 0.3671875 0.69296875 0.0220703125 0.0861328125
2 0.8671875 0.57421875 0.0216796875 0.0732421875
2 0.93828125 0.5 0.0236328125 0.06875
2 0.74296875 0.56875 0.021875 0.0720703125
1 0.78984375 0.31171875 0.0111328125 0.0423828125
3 0.69453125 0.36015625 0.0046875 0.009375