2 0.53828125 0.38046875 0.0138671875 0.0513671875
2 0.5390625 0.4265625 0.0154296875 0.0564453125
2 0.2890625 0.47734375 0.025 0.0767578125
2 0.7125 0.3 0.0126953125 0.055859375
1 0.39921875 0.5359375 0.0265625 0.0783203125
2 0.27109375 0.440625 0.0234375 0.0720703125
2 0.328125 0.47890625 0.0189453125 0.0732421875
2 0.5984375 0.33828125 0.0154296875 0.0548828125
2 0.39765625 0.3546875 0.0142578125 0.0564453125
2 0.87734375 0.39375 0.0169921875 0.0654296875
2 0.35 0.4890625 0.030859375 0.0779296875
2 0.23515625 0.7140625 0.0234375 0.0935546875
2 0.56640625 0.45859375 0.0169921875 0.0703125
2 0.6765625 0.52265625 0.0220703125 0.0796875
2 0.2265625 0.48359375 0.0248046875 0.071875
2 0.60234375 0.59453125 0.0169921875 0.084375
2 0.24375 0.578125 0.0314453125 0.0814453125
2 0.0484375 0.8734375 0.041015625 0.097265625
1 0.90859375 0.98125 0.0423828125 0.0373046875
2 0.759375 0.66484375 0.0220703125 0.0984375
2 0.10078125 0.84296875 0.0328125 0.0986328125
2 0.01328125 0.6953125 0.0263671875 0.0873046875
1 0.42265625 0.240625 0.015625 0.049609375
3 0.09296875 0.86484375 0.0080078125 0.0201171875