2 0.61015625 0.434375 0.0138671875 0.05
2 0.47890625 0.62578125 0.015625 0.0826171875
3 0.5921875 0.69765625 0.009765625 0.0138671875
2 0.6015625 0.46953125 0.021875 0.0576171875
2 0.51484375 0.378125 0.0109375 0.0533203125
2 0.36796875 0.371875 0.0169921875 0.056640625
2 0.73203125 0.634375 0.0173828125 0.069140625
2 0.55078125 0.42578125 0.0171875 0.05625
2 0.42890625 0.36640625 0.0109375 0.053125
2 0.61953125 0.4671875 0.0169921875 0.0623046875
0 0.92578125 0.46484375 0.0142578125 0.0642578125
2 0.65625 0.49375 0.0154296875 0.0814453125
2 0.515625 0.45078125 0.012109375 0.0611328125
1 0.46953125 0.47734375 0.0138671875 0.0638671875
2 0.57109375 0.5359375 0.0173828125 0.071875
2 0.41015625 0.5578125 0.015625 0.06875
2 0.0796875 0.43984375 0.0154296875 0.0640625
2 0.71796875 0.52734375 0.0267578125 0.06875
2 0.49375 0.63984375 0.0220703125 0.0703125
2 0.0578125 0.559375 0.01875 0.071875
2 0.22109375 0.55625 0.0173828125 0.0716796875
2 0.4875 0.615625 0.0216796875 0.075