3 0.1953125 0.57109375 0.0060546875 0.0111328125
2 0.40234375 0.415625 0.0076171875 0.034375
2 0.48125 0.453125 0.0091796875 0.0373046875
2 0.5765625 0.459375 0.0095703125 0.040625
2 0.46328125 0.68359375 0.0140625 0.0515625
1 0.5625 0.52109375 0.0064453125 0.0455078125
2 0.76953125 0.4890625 0.0140625 0.0408203125
2 0.25390625 0.4828125 0.0111328125 0.0439453125
0 0.0296875 0.52109375 0.0091796875 0.0513671875
2 0.653125 0.45546875 0.0091796875 0.0392578125
2 0.4453125 0.48828125 0.008984375 0.0419921875
2 0.8671875 0.55546875 0.0154296875 0.0486328125
2 0.2078125 0.53203125 0.015234375 0.0484375
2 0.71875 0.49453125 0.0095703125 0.0451171875
2 0.3140625 0.59453125 0.0216796875 0.0421875
2 0.325 0.5296875 0.0095703125 0.0470703125
2 0.80625 0.81640625 0.0158203125 0.0734375
2 0.77890625 0.653125 0.0125 0.0564453125
2 0.36484375 0.53828125 0.0107421875 0.0482421875
2 0.58359375 0.615625 0.0107421875 0.053125
2 0.1484375 0.58828125 0.009765625 0.053125
2 0.659375 0.53671875 0.0154296875 0.0486328125
2 0.7609375 0.56640625 0.008984375 0.053125
1 0.69453125 0.40390625 0.009375 0.0361328125