2 0.0046875 0.21640625 0.009375 0.0734375
2 0.00625 0.1421875 0.0125 0.0779296875
2 0.0296875 0.1328125 0.021875 0.0779296875
2 0.20078125 0.23515625 0.01875 0.0767578125
2 0.06015625 0.2 0.0171875 0.0779296875
2 0.1609375 0.1890625 0.021484375 0.0748046875
2 0.1859375 0.1578125 0.0185546875 0.0748046875
1 0.30625 0.253125 0.018359375 0.084375
2 0.18828125 0.30234375 0.0205078125 0.0767578125
2 0.50390625 0.18828125 0.021875 0.0794921875
2 0.0421875 0.475 0.0310546875 0.0908203125
2 0.83046875 0.30078125 0.0232421875 0.0828125
2 0.7703125 0.4421875 0.0251953125 0.09375
2 0.6984375 0.4140625 0.0220703125 0.0876953125