2 0.284375 0.42265625 0.0123046875 0.0326171875
2 0.51953125 0.44375 0.0109375 0.0408203125
1 0.4515625 0.521875 0.0125 0.0470703125
2 0.3015625 0.48984375 0.0095703125 0.0390625
2 0.5953125 0.44609375 0.008984375 0.0388671875
2 0.125 0.53671875 0.0185546875 0.0515625
2 0.3640625 0.45390625 0.0095703125 0.0390625
2 0.19921875 0.503125 0.0125 0.044140625
2 0.653125 0.490625 0.0125 0.044140625
2 0.421875 0.4828125 0.006640625 0.0408203125
2 0.878125 0.5609375 0.012109375 0.053125
2 0.60703125 0.534375 0.0125 0.0439453125
2 0.76875 0.4953125 0.0123046875 0.0439453125
2 0.69765625 0.5609375 0.0107421875 0.0560546875
2 0.25546875 0.51328125 0.0125 0.0423828125
2 0.72578125 0.646875 0.0107421875 0.056640625
2 0.2421875 0.59375 0.009375 0.050390625
2 0.1109375 0.584375 0.015625 0.0560546875
2 0.565625 0.6125 0.0126953125 0.05625
2 0.49375 0.64765625 0.0126953125 0.05625
2 0.74375 0.7765625 0.015625 0.0716796875
1 0.6328125 0.403125 0.009375 0.037890625
3 0.13203125 0.55546875 0.0048828125 0.0125