2 0.3921875 0.75234375 0.0220703125 0.0609375
2 0.3203125 0.4171875 0.0125 0.04375
1 0.496875 0.62109375 0.012890625 0.0611328125
2 0.63046875 0.5046875 0.0111328125 0.05
2 0.14375 0.62890625 0.03125 0.0609375
2 0.47734375 0.47109375 0.0125 0.0455078125
2 0.4640625 0.53828125 0.0154296875 0.0546875
2 0.38671875 0.53046875 0.0138671875 0.0513671875
2 0.14921875 0.49375 0.0142578125 0.055859375
2 0.4078125 0.77734375 0.0251953125 0.0703125
2 0.6078125 0.93203125 0.021484375 0.0919921875
2 0.01640625 0.65234375 0.0203125 0.0673828125
2 0.6625 0.534375 0.015625 0.0564453125
2 0.36875 0.91484375 0.0279296875 0.0875
2 0.56953125 0.6015625 0.015625 0.0626953125
2 0.1609375 0.73984375 0.0216796875 0.0705078125
2 0.671875 0.6 0.0154296875 0.0658203125
2 0.74765625 0.6296875 0.015625 0.065625
2 0.71875 0.853125 0.0248046875 0.0814453125
2 0.46015625 0.8671875 0.028125 0.0779296875
3 0.3703125 0.93984375 0.0091796875 0.0173828125
1 0.63125 0.39453125 0.012109375 0.040625
2 0.63125 0.47890625 0.0095703125 0.0455078125