2 0.390625 0.671875 0.018359375 0.0220703125
2 0.54765625 0.44609375 0.0078125 0.0419921875
2 0.61796875 0.40234375 0.009375 0.0263671875
2 0.55390625 0.440625 0.0078125 0.0283203125
2 0.396875 0.6734375 0.0185546875 0.0251953125
1 0.66328125 0.3921875 0.0078125 0.0345703125
1 0.17421875 0.9109375 0.0140625 0.071875
2 0.6109375 0.40625 0.008984375 0.031640625
2 0.54375 0.4265625 0.0125 0.0376953125
2 0.42265625 0.41640625 0.0109375 0.03125
2 0.40625 0.42109375 0.0125 0.03125
2 0.62578125 0.45390625 0.0125 0.0392578125
1 0.53359375 0.484375 0.0080078125 0.044140625
2 0.4 0.7125 0.018359375 0.065625
2 0.284375 0.465625 0.0095703125 0.0466796875
2 0.734375 0.43046875 0.012109375 0.0388671875
2 0.5234375 0.44765625 0.009375 0.0390625
2 0.7421875 0.49921875 0.0095703125 0.046875
2 0.41953125 0.5 0.009375 0.0466796875
2 0.4359375 0.59296875 0.0158203125 0.0515625
2 0.2484375 0.51171875 0.009765625 0.0482421875
2 0.55234375 0.51640625 0.0138671875 0.046875
2 0.22890625 0.5109375 0.0138671875 0.047265625
2 0.728125 0.53671875 0.0126953125 0.0484375