2 0.37890625 0.46015625 0.0111328125 0.0419921875
0 0.17265625 0.48828125 0.0109375 0.053125
2 0.840625 0.5484375 0.0158203125 0.0654296875
2 0.38515625 0.46171875 0.0125 0.0453125
2 0.35 0.4203125 0.0126953125 0.0533203125
2 0.26328125 0.475 0.015625 0.050390625
2 0.18828125 0.509375 0.0107421875 0.050390625
2 0.3375 0.45234375 0.0126953125 0.0546875
2 0.5234375 0.41875 0.0123046875 0.049609375
2 0.49296875 0.48203125 0.0109375 0.053125
2 0.85078125 0.4421875 0.0140625 0.052734375
2 0.83984375 0.57265625 0.0169921875 0.0705078125
2 0.29296875 0.4875 0.01875 0.056640625
2 0.1984375 0.5265625 0.0154296875 0.059765625
1 0.42421875 0.5171875 0.0140625 0.059375
2 0.88046875 0.45390625 0.0171875 0.05625
2 0.46171875 0.55625 0.0138671875 0.065625
2 0.340625 0.540625 0.0126953125 0.0625
2 0.94921875 0.50625 0.0140625 0.0626953125
2 0.7234375 0.66328125 0.0216796875 0.0705078125
2 0.5609375 0.65625 0.022265625 0.075
3 0.4 0.4796875 0.00625 0.0125
1 0.44453125 0.36015625 0.009375 0.0421875