2 0.47578125 0.63984375 0.015625 0.0625
2 0.47578125 0.6953125 0.0173828125 0.0689453125
2 0.78125 0.7578125 0.03125 0.0939453125
2 0.2640625 0.54140625 0.015625 0.0669921875
1 0.64609375 0.82890625 0.0328125 0.0955078125
2 0.803125 0.7125 0.0283203125 0.087890625
2 0.7328125 0.759375 0.0248046875 0.087890625
2 0.40234375 0.5875 0.0173828125 0.0685546875
2 0.6484375 0.6078125 0.0185546875 0.0689453125
2 0.0625 0.65546875 0.0189453125 0.0794921875
2 0.70703125 0.771875 0.0361328125 0.0939453125
2 0.44140625 0.73515625 0.0201171875 0.0859375
2 0.30703125 0.8125 0.028125 0.0970703125
2 0.85625 0.765625 0.030859375 0.0875
2 0.39765625 0.90078125 0.0201171875 0.103125
2 0.8359375 0.88046875 0.040234375 0.1
2 0.20625 0.96328125 0.028125 0.0734375
1 0.61796875 0.46875 0.01875 0.059375