3 0.71015625 0.43671875 0.0109375 0.015625
2 0.19609375 0.40546875 0.0109375 0.0390625
2 0.4484375 0.28984375 0.021484375 0.046875
2 0.4109375 0.22421875 0.016015625 0.0451171875
2 0.55 0.35625 0.018359375 0.059375
2 0.228125 0.346875 0.0220703125 0.0533203125
2 0.5203125 0.31328125 0.015234375 0.0517578125
2 0.171875 0.325 0.0248046875 0.0533203125
2 0.1984375 0.44765625 0.015625 0.0734375
1 0.38828125 0.41328125 0.0138671875 0.065625
2 0.5328125 0.39921875 0.0126953125 0.0671875
2 0.76171875 0.32265625 0.0109375 0.0578125
2 0.21640625 0.403125 0.0171875 0.0654296875
2 0.57421875 0.39140625 0.0171875 0.0638671875
2 0.41171875 0.4046875 0.0171875 0.0623046875
2 0.59375 0.490625 0.0158203125 0.069140625
2 0.4265625 0.5109375 0.015234375 0.0779296875
2 0.18125 0.621875 0.019140625 0.081640625
2 0.79765625 0.46484375 0.0205078125 0.0638671875
2 0.5953125 0.5515625 0.0185546875 0.078125
2 0.33984375 0.6765625 0.0173828125 0.0908203125
2 0.71640625 0.76796875 0.0330078125 0.1013671875
1 0.70078125 0.21015625 0.0109375 0.0482421875