2 0.32890625 0.73515625 0.0142578125 0.0515625
2 0.8375 0.66796875 0.0248046875 0.0736328125
2 0.33125 0.4515625 0.019140625 0.0625
2 0.309375 0.56328125 0.015625 0.0732421875
2 0.228125 0.46875 0.018359375 0.068359375
2 0.4078125 0.53515625 0.0126953125 0.0703125
2 0.25546875 0.48671875 0.01875 0.065625
2 0.32578125 0.784375 0.0328125 0.087890625
2 0.69453125 0.46328125 0.01875 0.0607421875
2 0.19375 0.53203125 0.015625 0.0767578125
1 0.45859375 0.596875 0.0205078125 0.071875
2 0.2875 0.609375 0.0189453125 0.0873046875
2 0.50625 0.6671875 0.01875 0.0873046875
2 0.8953125 0.6515625 0.028515625 0.0841796875
2 0.225 0.74375 0.0216796875 0.087109375
2 0.66015625 0.78671875 0.0236328125 0.0982421875
2 0.03671875 0.715625 0.0232421875 0.09375
2 0.34375 0.87265625 0.0376953125 0.1
2 0.40546875 0.6640625 0.0265625 0.0783203125
1 0.95625 0.33671875 0.012890625 0.053125
2 0.16484375 0.96171875 0.0357421875 0.0765625