2 0.82578125 0.38828125 0.0111328125 0.0455078125
2 0.8015625 0.47890625 0.0125 0.0669921875
0 0.97421875 0.4375 0.0205078125 0.0751953125
2 0.63359375 0.62734375 0.0326171875 0.0830078125
2 0.6390625 0.70078125 0.0341796875 0.0763671875
2 0.83359375 0.42734375 0.0173828125 0.0736328125
2 0.89453125 0.703125 0.0232421875 0.09375
2 0.5546875 0.50234375 0.0216796875 0.0796875
2 0.77578125 0.48359375 0.0205078125 0.0703125
2 0.67890625 0.4328125 0.0205078125 0.066015625
2 0.6875 0.721875 0.021875 0.0970703125
2 0.8078125 0.55078125 0.021875 0.0892578125
2 0.265625 0.88125 0.0376953125 0.1001953125
1 0.56328125 0.5828125 0.0232421875 0.0876953125
2 0.6671875 0.76015625 0.0248046875 0.1107421875
2 0.9234375 0.7015625 0.021875 0.0876953125
2 0.2453125 0.8421875 0.0283203125 0.103515625
2 0.25703125 0.503125 0.0205078125 0.087109375
2 0.525 0.740625 0.025 0.1091796875
2 0.03046875 0.7046875 0.0388671875 0.103515625
3 0.646875 0.72578125 0.006640625 0.015625