3 0.14375 0.69296875 0.0064453125 0.015625
2 0.41875 0.4859375 0.009375 0.0466796875
2 0.52265625 0.5359375 0.0111328125 0.047265625
2 0.65 0.54375 0.0126953125 0.0533203125
2 0.5 0.8421875 0.01875 0.0685546875
1 0.63125 0.6265625 0.009375 0.0623046875
2 0.90625 0.584375 0.01875 0.0560546875
2 0.22109375 0.57578125 0.015625 0.059375
2 0.7515625 0.5390625 0.0123046875 0.0529296875
2 0.47578125 0.5828125 0.0107421875 0.0560546875
2 0.16015625 0.64140625 0.0201171875 0.0640625
2 0.83828125 0.59140625 0.0138671875 0.059375
2 0.3015625 0.7234375 0.028125 0.05625
2 0.315625 0.6375 0.0126953125 0.0626953125
2 0.9546875 0.984375 0.021875 0.03125
2 0.91875 0.8015625 0.018359375 0.0751953125
2 0.36875 0.64921875 0.0126953125 0.0638671875
2 0.659375 0.75234375 0.0126953125 0.0705078125
2 0.08125 0.71484375 0.012890625 0.0705078125
2 0.76015625 0.646875 0.0201171875 0.065625
2 0.89375 0.68671875 0.0095703125 0.0705078125
1 0.80625 0.4703125 0.0125 0.047265625