2 0.6859375 0.35390625 0.0248046875 0.0513671875
0 0.82109375 0.384375 0.0232421875 0.0466796875
2 0.66640625 0.35 0.0142578125 0.062109375
2 0.6828125 0.4 0.0248046875 0.0564453125
2 0.50390625 0.3453125 0.0171875 0.0595703125
2 0.746875 0.3953125 0.0279296875 0.059765625
2 0.97109375 0.49140625 0.0205078125 0.0609375
2 0.49453125 0.38828125 0.021875 0.0638671875
1 0.46171875 0.4171875 0.0138671875 0.077734375
2 0.915625 0.45859375 0.0158203125 0.0671875
2 0.56875 0.35625 0.0126953125 0.05625
2 0.65 0.41328125 0.0283203125 0.0669921875
2 0.75390625 0.459375 0.0142578125 0.0783203125
2 0.6140625 0.47421875 0.01875 0.0794921875
2 0.29140625 0.36328125 0.01875 0.0732421875
2 0.9 0.50703125 0.0216796875 0.075
2 0.60546875 0.57421875 0.021875 0.0857421875
2 0.715625 0.53671875 0.0158203125 0.096875
2 0.01640625 0.61015625 0.021875 0.0982421875
2 0.103125 0.53828125 0.018359375 0.0861328125
2 0.41796875 0.6140625 0.0234375 0.1001953125
3 0.978125 0.5140625 0.0095703125 0.021484375