2 0.40859375 0.4109375 0.009375 0.040234375
2 0.18046875 0.5984375 0.015625 0.033984375
2 0.4140625 0.43046875 0.0125 0.0390625
2 0.66171875 0.4 0.0107421875 0.0404296875
1 0.4515625 0.50859375 0.0125 0.0484375
2 0.46953125 0.48828125 0.0140625 0.0453125
2 0.62734375 0.52734375 0.0171875 0.0513671875
2 0.67265625 0.44609375 0.0109375 0.0392578125
0 0.07109375 0.4453125 0.0125 0.0498046875
2 0.24765625 0.5234375 0.0125 0.0529296875
2 0.33359375 0.45 0.0111328125 0.046875
2 0.43828125 0.53203125 0.009375 0.0544921875
2 0.7890625 0.49140625 0.015234375 0.0453125
2 0.37109375 0.515625 0.009375 0.0529296875
2 0.3203125 0.56015625 0.0091796875 0.0576171875
2 0.4921875 0.49921875 0.0216796875 0.053125
2 0.8140625 0.45703125 0.0123046875 0.0484375
2 0.56640625 0.475 0.0140625 0.049609375
2 0.3046875 0.5859375 0.0125 0.0564453125
2 0.6078125 0.5734375 0.015625 0.0595703125
1 0.01796875 0.76953125 0.0359375 0.08125
2 0.76796875 0.5546875 0.0234375 0.0564453125
2 0.19765625 0.6015625 0.0111328125 0.059375
1 0.79453125 0.35 0.0107421875 0.0345703125