3 0.965625 0.66484375 0.0064453125 0.0138671875
2 0.996875 0.67109375 0.0060546875 0.0421875
2 0.9953125 0.7140625 0.009375 0.071875
0 0.978125 0.4546875 0.018359375 0.0626953125
2 0.60234375 0.43359375 0.0169921875 0.0548828125
2 0.25703125 0.440625 0.0138671875 0.0564453125
2 0.6984375 0.46015625 0.0126953125 0.0640625
2 0.66328125 0.52421875 0.0140625 0.0638671875
2 0.4203125 0.51796875 0.0126953125 0.065625
2 0.80859375 0.659375 0.0125 0.0783203125
2 0.9 0.75078125 0.019140625 0.0857421875
1 0.57265625 0.58828125 0.0203125 0.0703125
2 0.55 0.66640625 0.0154296875 0.0798828125
2 0.73125 0.71953125 0.01875 0.090625
2 0.940625 0.7453125 0.0185546875 0.083984375
2 0.796875 0.525 0.021875 0.068359375
2 0.34609375 0.79609375 0.0205078125 0.0986328125
2 0.684375 0.846875 0.0216796875 0.100390625
2 0.71171875 0.73984375 0.01875 0.0857421875
2 0.1984375 0.82890625 0.028125 0.0986328125
2 0.44375 0.70703125 0.0158203125 0.0826171875
2 0.05 0.64140625 0.0220703125 0.0826171875
1 0.07109375 0.3375 0.0109375 0.0498046875