2 0.14921875 0.6140625 0.01875 0.059765625
2 0.03515625 0.70390625 0.0173828125 0.0625
2 0.32734375 0.5890625 0.0138671875 0.065234375
1 0.23515625 0.6390625 0.0109375 0.066015625
2 0.14375 0.52421875 0.0185546875 0.0580078125
2 0.5890625 0.5265625 0.0158203125 0.058984375
2 0.0703125 0.58984375 0.0158203125 0.0642578125
2 0.0953125 0.696875 0.016015625 0.0658203125
2 0.28515625 0.684375 0.0125 0.075390625
2 0.2265625 0.51484375 0.0185546875 0.0546875
2 0.18125 0.7703125 0.012890625 0.0841796875
2 0.2546875 0.84140625 0.0185546875 0.0892578125
2 0.38125 0.71484375 0.0154296875 0.0828125
2 0.55859375 0.825 0.0205078125 0.093359375
2 0.5984375 0.8109375 0.025 0.083984375
2 0.82734375 0.6890625 0.015625 0.075
1 0.84296875 0.42421875 0.0111328125 0.05