2 0.5171875 0.26953125 0.0126953125 0.0544921875
2 0.8359375 0.53203125 0.0220703125 0.0455078125
2 0.509375 0.296875 0.018359375 0.0533203125
2 0.1625 0.25390625 0.012890625 0.0548828125
1 0.45703125 0.40703125 0.0173828125 0.0671875
2 0.43203125 0.378125 0.0201171875 0.0626953125
2 0.2109375 0.4328125 0.022265625 0.0716796875
2 0.1484375 0.31875 0.0154296875 0.0560546875
0 0.9890625 0.3171875 0.0185546875 0.06875
2 0.7421875 0.4265625 0.016015625 0.0720703125
2 0.621875 0.32421875 0.0158203125 0.0669921875
2 0.47578125 0.43828125 0.0138671875 0.0763671875
2 0.56953125 0.415625 0.0125 0.0720703125
2 0.640625 0.47890625 0.0123046875 0.0796875
2 0.4 0.39296875 0.0283203125 0.0736328125
2 0.29609375 0.359375 0.0201171875 0.068359375
2 0.66171875 0.51484375 0.0171875 0.0796875
2 0.23828125 0.49765625 0.021875 0.084375
2 0.015625 0.47109375 0.0310546875 0.0796875
2 0.81171875 0.53671875 0.0169921875 0.0830078125