1 0.2390625 0.34921875 0.0095703125 0.034375
2 0.48671875 0.378125 0.0080078125 0.037109375
2 0.728125 0.40703125 0.0123046875 0.0451171875
2 0.675 0.40390625 0.0095703125 0.0421875
2 0.14296875 0.36796875 0.0109375 0.034375
2 0.73515625 0.4328125 0.0111328125 0.041015625
1 0.978125 0.8875 0.024609375 0.0876953125
2 0.67578125 0.44140625 0.0140625 0.040625
2 0.203125 0.37265625 0.012890625 0.0328125
2 0.88671875 0.675 0.0142578125 0.062890625
2 0.41171875 0.4890625 0.0125 0.047265625
2 0.79453125 0.49609375 0.015625 0.0515625
2 0.4953125 0.421875 0.009765625 0.044140625
1 0.54140625 0.48125 0.0125 0.05
2 0.70546875 0.51953125 0.0111328125 0.0546875
2 0.13828125 0.434375 0.0171875 0.04375
2 0.69140625 0.5640625 0.0142578125 0.0595703125
2 0.89609375 0.7296875 0.0142578125 0.072265625
2 0.825 0.55859375 0.0126953125 0.0609375
2 0.721875 0.61484375 0.018359375 0.0640625
2 0.3640625 0.5609375 0.0126953125 0.0564453125
2 0.16640625 0.51796875 0.0140625 0.0544921875
2 0.5421875 0.4515625 0.0125 0.0470703125
2 0.48203125 0.3671875 0.0076171875 0.034375