1 0.46875 0.471875 0.0154296875 0.050390625
2 0.340625 0.375 0.0125 0.044140625
2 0.7625 0.38828125 0.0189453125 0.0484375
2 0.703125 0.34296875 0.015625 0.0392578125
2 0.4515625 0.50234375 0.0189453125 0.0640625
2 0.50390625 0.41015625 0.0171875 0.0486328125
2 0.43515625 0.54609375 0.0142578125 0.0640625
2 0.2875 0.5328125 0.0248046875 0.0685546875
2 0.646875 0.41171875 0.0126953125 0.0486328125
2 0.3859375 0.45234375 0.021484375 0.0576171875
2 0.7515625 0.61875 0.0248046875 0.0654296875
2 0.67421875 0.4453125 0.0111328125 0.053515625
2 0.75078125 0.6796875 0.0328125 0.0814453125
2 0.77109375 0.4453125 0.015625 0.0591796875
2 0.89609375 0.509375 0.0138671875 0.068359375
2 0.32734375 0.51953125 0.015625 0.0611328125
2 0.14296875 0.5109375 0.0142578125 0.0654296875
2 0.86171875 0.48984375 0.0173828125 0.0609375
2 0.0109375 0.46953125 0.01875 0.0576171875
2 0.1859375 0.42578125 0.0189453125 0.0576171875
2 0.5328125 0.5171875 0.021875 0.0625
3 0.6015625 0.34296875 0.00625 0.0125
1 0.24453125 0.30703125 0.0078125 0.0375