2 0.37109375 0.47265625 0.009375 0.040625
2 0.35078125 0.4359375 0.009375 0.0435546875
2 0.57890625 0.4171875 0.009375 0.0408203125
2 0.36328125 0.471875 0.009375 0.0470703125
1 0.05546875 0.93671875 0.0267578125 0.096875
2 0.56796875 0.49609375 0.0140625 0.0451171875
2 0.5625 0.41875 0.009375 0.0404296875
2 0.51875 0.459375 0.0154296875 0.0435546875
2 0.303125 0.44375 0.0123046875 0.0466796875
2 0.73828125 0.41171875 0.0138671875 0.0392578125
1 0.47890625 0.50078125 0.009375 0.053125
0 0.99453125 0.43671875 0.009375 0.040625
2 0.6703125 0.56640625 0.0126953125 0.05625
2 0.4046875 0.5109375 0.009765625 0.05
2 0.7625 0.45703125 0.009375 0.04375
2 0.49140625 0.53828125 0.0109375 0.0515625
2 0.22109375 0.51953125 0.0142578125 0.0546875
2 0.759375 0.528125 0.0125 0.0533203125
2 0.53046875 0.47421875 0.0173828125 0.0419921875
2 0.33046875 0.6875 0.0111328125 0.0625
2 0.36328125 0.6125 0.0111328125 0.056640625
2 0.25625 0.53984375 0.0125 0.0482421875
2 0.259375 0.7546875 0.018359375 0.0716796875
1 0.70546875 0.38359375 0.0109375 0.0330078125