2 0.678125 0.44140625 0.0126953125 0.0609375
2 0.70234375 0.51015625 0.0111328125 0.0638671875
2 0.69296875 0.4625 0.0125 0.0564453125
2 0.61640625 0.43515625 0.015625 0.059375
3 0.64140625 0.7484375 0.0078125 0.0126953125
2 0.72578125 0.4609375 0.0140625 0.0658203125
2 0.56484375 0.41953125 0.0140625 0.0576171875
2 0.9125 0.70703125 0.0158203125 0.071875
2 0.8953125 0.74453125 0.022265625 0.0796875
2 0.7953125 0.50546875 0.015234375 0.0638671875
0 0.89140625 0.4609375 0.021875 0.0654296875
2 0.7671875 0.4828125 0.0126953125 0.0623046875
2 0.64375 0.528125 0.0154296875 0.0626953125
2 0.515625 0.46484375 0.0126953125 0.0638671875
1 0.54140625 0.50703125 0.0125 0.06875
2 0.7984375 0.5875 0.028125 0.0783203125
2 0.83984375 0.64921875 0.0263671875 0.075
2 0.36328125 0.47109375 0.0140625 0.0642578125
2 0.36640625 0.59921875 0.0142578125 0.0767578125
2 0.72421875 0.67265625 0.015625 0.0640625
2 0.16015625 0.509375 0.0203125 0.071875
2 0.60859375 0.72265625 0.0205078125 0.090625
2 0.190625 0.70859375 0.0220703125 0.0953125