2 0.60625 0.40859375 0.0125 0.0451171875
2 0.54375 0.425 0.015625 0.044140625
2 0.5546875 0.4015625 0.015625 0.0408203125
2 0.546875 0.3828125 0.012109375 0.0408203125
0 0.13515625 0.453125 0.0109375 0.056640625
2 0.3609375 0.46640625 0.0189453125 0.0544921875
2 0.48984375 0.40234375 0.0109375 0.046875
1 0.87734375 0.9734375 0.0232421875 0.053125
2 0.61640625 0.40625 0.0111328125 0.05
2 0.81171875 0.4890625 0.0232421875 0.0533203125
2 0.45625 0.4703125 0.0126953125 0.0498046875
2 0.55546875 0.59765625 0.0171875 0.0642578125
2 0.77109375 0.5875 0.0138671875 0.0716796875
2 0.27265625 0.571875 0.0111328125 0.0595703125
2 0.32578125 0.50390625 0.0111328125 0.0576171875
2 0.9046875 0.53671875 0.0126953125 0.0642578125
2 0.3015625 0.5140625 0.0123046875 0.0623046875
2 0.2609375 0.60859375 0.0125 0.0638671875
1 0.54296875 0.49296875 0.015625 0.0548828125
2 0.43671875 0.4828125 0.0138671875 0.0533203125
2 0.690625 0.47578125 0.0220703125 0.05
2 0.66484375 0.5234375 0.0125 0.059375
2 0.73671875 0.64140625 0.0173828125 0.075
3 0.62578125 0.453125 0.0048828125 0.009375
1 0.528125 0.34140625 0.012109375 0.040625