1 0.896875 0.31328125 0.0123046875 0.0388671875
2 0.62109375 0.3453125 0.009375 0.0404296875
2 0.35390625 0.37734375 0.0138671875 0.0486328125
2 0.4125 0.37421875 0.012109375 0.046875
2 0.9984375 0.33359375 0.003125 0.0388671875
2 0.3453125 0.40625 0.0126953125 0.046875
1 0.0765625 0.91015625 0.0251953125 0.0982421875
2 0.41171875 0.415625 0.015625 0.0439453125
2 0.9359375 0.3390625 0.015625 0.0373046875
2 0.178125 0.675 0.018359375 0.0716796875
2 0.7046875 0.46875 0.015234375 0.0533203125
2 0.2796875 0.47578125 0.016015625 0.0578125
2 0.6125 0.39453125 0.0125 0.0513671875
1 0.56015625 0.46015625 0.0138671875 0.0548828125
2 0.37890625 0.5015625 0.0138671875 0.059765625
2 0.39375 0.5515625 0.018359375 0.0658203125
2 0.1671875 0.73515625 0.0158203125 0.08125
2 0.24609375 0.5453125 0.0142578125 0.0685546875
2 0.36015625 0.6078125 0.0201171875 0.0716796875
2 0.7578125 0.54765625 0.0154296875 0.0638671875
2 0.97734375 0.5 0.015625 0.0595703125
2 0.56015625 0.4265625 0.0138671875 0.053125
2 0.6265625 0.33359375 0.008984375 0.0388671875