2 0.63203125 0.4390625 0.0107421875 0.046484375
2 0.65390625 0.3984375 0.0107421875 0.0470703125
2 0.4 0.37734375 0.012109375 0.0455078125
2 0.63984375 0.43828125 0.0107421875 0.053125
1 0.9828125 0.95 0.0310546875 0.0998046875
2 0.4125 0.46484375 0.015625 0.05
2 0.41875 0.3796875 0.0095703125 0.04375
2 0.4671875 0.42421875 0.0158203125 0.0482421875
2 0.70703125 0.40703125 0.0138671875 0.0513671875
2 0.22265625 0.371875 0.0142578125 0.04375
1 0.51171875 0.4703125 0.0109375 0.0591796875
2 0.2984375 0.54375 0.0154296875 0.0625
2 0.59375 0.48125 0.0123046875 0.0560546875
2 0.1953125 0.42109375 0.009765625 0.0484375
2 0.496875 0.51171875 0.0123046875 0.0578125
2 0.7984375 0.490625 0.0158203125 0.062109375
2 0.19921875 0.50078125 0.0140625 0.0607421875
2 0.45390625 0.440625 0.0201171875 0.0466796875
2 0.67734375 0.678125 0.0125 0.06875
2 0.640625 0.59453125 0.0126953125 0.0642578125
2 0.759375 0.5140625 0.012890625 0.053125
2 0.75625 0.75234375 0.01875 0.0794921875
1 0.259375 0.340625 0.0123046875 0.0375