2 0.546875 0.23125 0.0126953125 0.049609375
2 0.86015625 0.33125 0.0109375 0.0623046875
2 0.73515625 0.3734375 0.0171875 0.0625
2 0.8171875 0.4375 0.0154296875 0.0716796875
2 0.409375 0.32109375 0.0154296875 0.0580078125
2 0.7390625 0.29140625 0.0125 0.053125
2 0.925 0.36328125 0.01875 0.0640625
2 0.8765625 0.303125 0.009765625 0.055859375
2 0.896875 0.78984375 0.03125 0.0955078125
2 0.7109375 0.36796875 0.009765625 0.0625
1 0.77109375 0.51640625 0.0203125 0.0798828125
1 0.01015625 0.84921875 0.0203125 0.109375
2 0.49296875 0.46875 0.0169921875 0.065625
2 0.1796875 0.559375 0.0216796875 0.084375
2 0.8953125 0.4546875 0.0216796875 0.075
2 0.50390625 0.51015625 0.0169921875 0.0734375
2 0.74140625 0.59609375 0.0203125 0.0888671875
2 0.97734375 0.46953125 0.0173828125 0.0734375
2 0.61015625 0.77734375 0.0201171875 0.0982421875
2 0.98828125 0.65 0.0205078125 0.0876953125
2 0.6546875 0.5921875 0.016015625 0.084765625
2 0.69453125 0.728125 0.0205078125 0.103125
1 0.84609375 0.19609375 0.0125 0.046875
3 0.49921875 0.48203125 0.0080078125 0.0142578125