2 0.703125 0.4890625 0.009375 0.0560546875
2 0.575 0.39375 0.012109375 0.0439453125
2 0.7078125 0.49453125 0.0123046875 0.0640625
2 0.434375 0.41875 0.0123046875 0.0529296875
2 0.7 0.3671875 0.0123046875 0.053125
2 0.42109375 0.40390625 0.0111328125 0.05
2 0.62890625 0.82890625 0.0169921875 0.0888671875
2 0.565625 0.44609375 0.0123046875 0.0517578125
1 0.4796875 0.54453125 0.0126953125 0.0705078125
2 0.47421875 0.490625 0.0138671875 0.0623046875
2 0.5109375 0.4625 0.0125 0.0560546875
2 0.9109375 0.62109375 0.016015625 0.0765625
2 0.37265625 0.45078125 0.0140625 0.0611328125
2 0.778125 0.43125 0.0125 0.062109375
2 0.2453125 0.62421875 0.015234375 0.0767578125
2 0.40390625 0.54765625 0.0142578125 0.0671875
2 0.63828125 0.59453125 0.0140625 0.0763671875
2 0.6265625 0.66171875 0.01875 0.0765625
2 0.31015625 0.52734375 0.0169921875 0.0673828125
2 0.2421875 0.81171875 0.021875 0.09375
2 0.4703125 0.7109375 0.0158203125 0.0779296875
1 0.4359375 0.32734375 0.0125 0.046875
3 0.69921875 0.3890625 0.0044921875 0.009375