2 0.3390625 0.41953125 0.0158203125 0.0486328125
2 0.42890625 0.34609375 0.009375 0.0361328125
2 0.22890625 0.3953125 0.0140625 0.041015625
2 0.3265625 0.44453125 0.0123046875 0.0515625
2 0.53515625 0.346875 0.0080078125 0.037890625
2 0.2625 0.3546875 0.0123046875 0.0345703125
2 0.54296875 0.371875 0.0169921875 0.0373046875
2 0.38515625 0.353125 0.0169921875 0.0373046875
1 0.0078125 0.971875 0.015625 0.05625
2 0.7625 0.38046875 0.009375 0.0486328125
2 0.5203125 0.359375 0.0095703125 0.046875
2 0.5203125 0.446875 0.0154296875 0.0439453125
2 0.2390625 0.646875 0.028515625 0.0779296875
2 0.1328125 0.4203125 0.015234375 0.0470703125
2 0.66796875 0.540625 0.0169921875 0.068359375
2 0.621875 0.4421875 0.0126953125 0.05625
2 0.88359375 0.58203125 0.0234375 0.0640625
2 0.75546875 0.43046875 0.0171875 0.05
2 0.134375 0.54453125 0.0279296875 0.0640625
3 0.2125 0.39140625 0.0060546875 0.0107421875
2 0.221875 0.3703125 0.018359375 0.0498046875
1 0.33203125 0.42265625 0.021875 0.0453125
1 0.67890625 0.3203125 0.0125 0.0470703125