1 0.49140625 0.4984375 0.0138671875 0.0470703125
2 0.609375 0.409375 0.0123046875 0.043359375
2 0.22109375 0.421875 0.0173828125 0.0439453125
2 0.27578125 0.3796875 0.0140625 0.034765625
2 0.50703125 0.5265625 0.0173828125 0.0591796875
2 0.459375 0.4421875 0.015625 0.046484375
2 0.52265625 0.56640625 0.0138671875 0.0580078125
2 0.65859375 0.5546875 0.021875 0.0625
2 0.32734375 0.44296875 0.0111328125 0.0453125
2 0.5671875 0.48046875 0.01875 0.0517578125
2 0.23125 0.6328125 0.0220703125 0.059375
2 0.30234375 0.47421875 0.0109375 0.05
2 0.23203125 0.68984375 0.0298828125 0.0763671875
2 0.21328125 0.47421875 0.0140625 0.0544921875
2 0.09765625 0.5328125 0.0125 0.0623046875
2 0.621875 0.5421875 0.0154296875 0.0564453125
2 0.79140625 0.534375 0.0138671875 0.059375
2 0.1296875 0.51484375 0.0158203125 0.05625
2 0.9125 0.49609375 0.018359375 0.0517578125
2 0.75234375 0.45625 0.0173828125 0.0529296875
2 0.4328125 0.53984375 0.0189453125 0.0578125
3 0.36953125 0.3796875 0.0048828125 0.009765625
1 0.6984375 0.346875 0.0064453125 0.034375