2 0.38671875 0.4859375 0.0232421875 0.047265625
2 0.48046875 0.56171875 0.01875 0.0671875
1 0.55546875 0.59140625 0.0234375 0.0640625
2 0.275 0.55703125 0.0158203125 0.0611328125
2 0.515625 0.43359375 0.012890625 0.0515625
2 0.4609375 0.50859375 0.0126953125 0.059375
2 0.378125 0.52109375 0.015625 0.0576171875
0 0.03046875 0.52265625 0.03125 0.0544921875
2 0.50546875 0.46953125 0.0109375 0.0625
2 0.53984375 0.57421875 0.0201171875 0.0701171875
2 0.34140625 0.5359375 0.03125 0.065234375
2 0.63046875 0.4640625 0.0138671875 0.0564453125
2 0.275 0.59609375 0.0220703125 0.0642578125
2 0.40625 0.553125 0.0189453125 0.0689453125
2 0.19765625 0.6640625 0.0201171875 0.072265625
2 0.87265625 0.6046875 0.0173828125 0.0751953125
2 0.790625 0.65703125 0.015625 0.0830078125
2 0.45703125 0.625 0.0169921875 0.0751953125
2 0.61484375 0.59140625 0.0203125 0.0732421875
2 0.18828125 0.71953125 0.01875 0.0830078125
2 0.68828125 0.70625 0.0171875 0.087109375
2 0.471875 0.5484375 0.0126953125 0.071484375
1 0.53046875 0.38515625 0.01875 0.0423828125
3 0.3421875 0.4640625 0.0091796875 0.015625