2 0.46953125 0.47734375 0.0111328125 0.034375
2 0.55546875 0.4921875 0.0107421875 0.052734375
0 0.84296875 0.415625 0.015625 0.0498046875
2 0.78828125 0.52109375 0.009375 0.059375
2 0.68828125 0.45546875 0.009375 0.053125
2 0.69453125 0.53125 0.009375 0.059375
2 0.58515625 0.39921875 0.0138671875 0.046875
2 0.465625 0.509375 0.024609375 0.056640625
2 0.7796875 0.55859375 0.015234375 0.05625
2 0.70234375 0.5796875 0.0125 0.0654296875
2 0.5546875 0.415625 0.015234375 0.0439453125
2 0.7375 0.56328125 0.012890625 0.0390625
2 0.33125 0.4234375 0.0125 0.0470703125
2 0.57734375 0.5171875 0.0111328125 0.053125
2 0.565625 0.52578125 0.018359375 0.05625
1 0.60234375 0.50078125 0.0169921875 0.05625
1 0.96953125 0.71953125 0.0263671875 0.0732421875
2 0.4421875 0.5125 0.015234375 0.0564453125
2 0.734375 0.65703125 0.012890625 0.0701171875
2 0.3578125 0.5796875 0.016015625 0.0748046875
2 0.1171875 0.52265625 0.0126953125 0.0609375
2 0.3109375 0.58515625 0.0158203125 0.0638671875
2 0.50078125 0.63359375 0.0232421875 0.0669921875
1 0.10234375 0.32890625 0.009375 0.0375
3 0.546875 0.52890625 0.006640625 0.0140625