3 0.7015625 0.54140625 0.009765625 0.0169921875
2 0.15859375 0.50859375 0.0111328125 0.0419921875
2 0.425 0.38671875 0.021875 0.0486328125
2 0.38515625 0.31796875 0.0173828125 0.046875
2 0.5328125 0.45703125 0.01875 0.0625
2 0.19296875 0.446875 0.0236328125 0.05625
2 0.50078125 0.4109375 0.0142578125 0.0560546875
2 0.1328125 0.4234375 0.0251953125 0.05625
2 0.1609375 0.553125 0.0158203125 0.0779296875
1 0.36171875 0.5171875 0.0140625 0.0689453125
2 0.5140625 0.50234375 0.015234375 0.0703125
2 0.75625 0.42109375 0.012109375 0.0609375
2 0.18046875 0.50625 0.01875 0.0685546875
2 0.5578125 0.49375 0.0185546875 0.068359375
2 0.3859375 0.5078125 0.01875 0.0654296875
2 0.57890625 0.5984375 0.0171875 0.0748046875
2 0.4015625 0.61953125 0.0154296875 0.08125
2 0.14296875 0.73671875 0.021875 0.0861328125
2 0.79375 0.57109375 0.0220703125 0.0671875
2 0.58046875 0.6625 0.0201171875 0.0814453125
2 0.31015625 0.79375 0.0201171875 0.0966796875
2 0.7078125 0.890625 0.034765625 0.10625
1 0.69140625 0.30234375 0.0111328125 0.0513671875