2 0.7046875 0.30625 0.015625 0.059375
2 0.5484375 0.534375 0.01875 0.0970703125
3 0.68359375 0.61953125 0.0125 0.015625
2 0.69453125 0.3484375 0.0263671875 0.0685546875
2 0.59140625 0.23984375 0.0138671875 0.0640625
2 0.4171875 0.2328125 0.0189453125 0.06875
2 0.85 0.54375 0.0216796875 0.081640625
2 0.634375 0.296875 0.019140625 0.0658203125
2 0.48984375 0.2265625 0.0125 0.0626953125
2 0.715625 0.3453125 0.0189453125 0.072265625
2 0.759375 0.37734375 0.0185546875 0.0982421875
2 0.5921875 0.3265625 0.0125 0.072265625
1 0.53828125 0.3578125 0.0169921875 0.075
2 0.65859375 0.42734375 0.0205078125 0.0857421875
2 0.4671875 0.453125 0.01875 0.0814453125
2 0.075 0.31328125 0.018359375 0.0763671875
2 0.83359375 0.4171875 0.0328125 0.0814453125
2 0.5671875 0.55078125 0.0279296875 0.0828125
2 0.0484375 0.4546875 0.021875 0.0845703125
2 0.24296875 0.4515625 0.0205078125 0.084375
2 0.559375 0.521875 0.025 0.087890625