2 0.30234375 0.31015625 0.028125 0.0580078125
2 0.41640625 0.40234375 0.0232421875 0.08125
1 0.50859375 0.43828125 0.0294921875 0.0767578125
2 0.1671875 0.396875 0.0189453125 0.075
2 0.46015625 0.246875 0.0171875 0.0625
2 0.39375 0.33828125 0.015625 0.071875
2 0.29296875 0.353125 0.01875 0.0689453125
2 0.44765625 0.290625 0.0138671875 0.075390625
2 0.4890625 0.41796875 0.0248046875 0.084375
2 0.24765625 0.371875 0.0388671875 0.0779296875
2 0.59921875 0.28359375 0.015625 0.0701171875
2 0.1671875 0.44453125 0.0279296875 0.0794921875
2 0.32734375 0.3921875 0.0236328125 0.084375
2 0.0734375 0.52734375 0.0248046875 0.0892578125
2 0.89375 0.45546875 0.021875 0.0921875
2 0.79375 0.51875 0.01875 0.100390625
2 0.3890625 0.47890625 0.0189453125 0.0921875
2 0.5796875 0.43828125 0.025 0.0888671875
2 0.06171875 0.59453125 0.0232421875 0.1015625
2 0.66953125 0.57890625 0.0205078125 0.1044921875
2 0.40625 0.38671875 0.0158203125 0.0859375
1 0.478125 0.1875 0.0220703125 0.0529296875
3 0.24921875 0.28359375 0.0107421875 0.01875