2 0.3453125 0.43125 0.009765625 0.043359375
2 0.2953125 0.4296875 0.015625 0.0466796875
2 0.82734375 0.509375 0.0142578125 0.062109375
2 0.31875 0.46328125 0.012109375 0.053125
2 0.6296875 0.43515625 0.01875 0.05
2 0.89453125 0.54375 0.015625 0.0625
2 0.5609375 0.5390625 0.0123046875 0.0595703125
2 0.803125 0.784375 0.0220703125 0.081640625
2 0.80546875 0.5703125 0.0140625 0.0716796875
2 0.71015625 0.59921875 0.01875 0.0642578125
1 0.390625 0.57265625 0.0158203125 0.0642578125
2 0.7484375 0.63203125 0.0189453125 0.075
2 0.11328125 0.50625 0.01875 0.0595703125
2 0.13515625 0.59921875 0.0267578125 0.0705078125
2 0.065625 0.69375 0.0216796875 0.074609375
2 0.53203125 0.68359375 0.01875 0.078125
2 0.2921875 0.53515625 0.021484375 0.0638671875
2 0.67734375 0.8015625 0.0236328125 0.0908203125
2 0.1484375 0.675 0.0220703125 0.075390625
2 0.07265625 0.59765625 0.0263671875 0.0732421875
2 0.2796875 0.66953125 0.022265625 0.0765625
1 0.2296875 0.3984375 0.0125 0.046484375
3 0.33125 0.45 0.0060546875 0.0095703125