2 0.3109375 0.42109375 0.015234375 0.059375
2 0.45390625 0.23203125 0.01875 0.0482421875
2 0.596875 0.25703125 0.0220703125 0.0451171875
1 0.578125 0.4015625 0.025390625 0.0685546875
2 0.7109375 0.31640625 0.01875 0.05625
2 0.203125 0.31640625 0.019140625 0.0609375
2 0.2953125 0.4546875 0.028125 0.072265625
2 0.6375 0.31484375 0.0220703125 0.0517578125
2 0.1609375 0.38828125 0.0220703125 0.0576171875
2 0.5 0.38359375 0.0154296875 0.0611328125
2 0.70859375 0.396875 0.0234375 0.0623046875
2 0.2765625 0.38984375 0.021484375 0.0734375
2 0.77578125 0.5359375 0.0203125 0.078515625
2 0.5390625 0.5359375 0.0216796875 0.084375
2 0.4109375 0.7046875 0.0216796875 0.097265625
2 0.84140625 0.584375 0.0265625 0.0875
2 0.99296875 0.3546875 0.0140625 0.06875
2 0.209375 0.6546875 0.0251953125 0.0904296875
2 0.87109375 0.4171875 0.0296875 0.071484375
2 0.96484375 0.71953125 0.0326171875 0.09375
3 0.6359375 0.2734375 0.0060546875 0.0123046875
1 0.88515625 0.2234375 0.0173828125 0.05