2 0.840625 0.32734375 0.0123046875 0.0701171875
2 0.6796875 0.20703125 0.0126953125 0.05625
2 0.84609375 0.334375 0.0142578125 0.0810546875
2 0.50234375 0.23828125 0.0140625 0.065625
2 0.83671875 0.1734375 0.0140625 0.066015625
2 0.48515625 0.21953125 0.0140625 0.0625
2 0.746875 0.7546875 0.019140625 0.109765625
2 0.6671875 0.2734375 0.015234375 0.065625
1 0.559375 0.39609375 0.0158203125 0.0892578125
2 0.55234375 0.32890625 0.0169921875 0.0767578125
2 0.59921875 0.29375 0.015625 0.0689453125
2 0.425 0.2796875 0.018359375 0.0779296875
2 0.934375 0.2546875 0.015625 0.077734375
2 0.26484375 0.496875 0.0173828125 0.0970703125
2 0.4640625 0.40078125 0.01875 0.084375
2 0.759375 0.459375 0.018359375 0.0939453125
2 0.74375 0.54375 0.024609375 0.0966796875
2 0.34609375 0.37578125 0.0205078125 0.0859375
2 0.2609375 0.7328125 0.028125 0.1185546875
2 0.5484375 0.60625 0.0216796875 0.0970703125
1 0.5046875 0.12421875 0.015625 0.0580078125
3 0.83515625 0.2015625 0.0048828125 0.0123046875