2 0.9953125 0.49765625 0.009375 0.0484375
2 0.53203125 0.64765625 0.0173828125 0.046875
2 0.58828125 0.38671875 0.0107421875 0.034375
1 0.45 0.5453125 0.012109375 0.047265625
2 0.34609375 0.4546875 0.009375 0.040234375
2 0.72578125 0.5515625 0.0236328125 0.046875
2 0.465625 0.428125 0.0095703125 0.037109375
2 0.47578125 0.48046875 0.0111328125 0.0423828125
2 0.53671875 0.47421875 0.0107421875 0.0392578125
2 0.72109375 0.44609375 0.0111328125 0.0423828125
2 0.5203125 0.6671875 0.021484375 0.053515625
2 0.3640625 0.7875 0.0158203125 0.0716796875
2 0.825 0.56953125 0.015625 0.053125
2 0.32109375 0.478125 0.0111328125 0.0439453125
2 0.55 0.77421875 0.0216796875 0.06875
1 0.97890625 0.8109375 0.0263671875 0.072265625
2 0.39375 0.53046875 0.0123046875 0.0486328125
2 0.7125 0.63828125 0.0158203125 0.0548828125
2 0.3140625 0.52890625 0.0123046875 0.0515625
2 0.2546875 0.55234375 0.0123046875 0.0513671875
2 0.27734375 0.7265625 0.01875 0.065234375
2 0.47890625 0.7375 0.021875 0.0595703125
3 0.54921875 0.79375 0.0076171875 0.012890625
1 0.3453125 0.36875 0.0091796875 0.03125
2 0.3453125 0.434375 0.008984375 0.037109375