2 0.84921875 0.15078125 0.021875 0.0642578125
2 0.9421875 0.29375 0.0154296875 0.090625
2 0.834375 0.13046875 0.018359375 0.0701171875
2 0.66328125 0.02421875 0.0169921875 0.0482421875
2 0.56015625 0.01875 0.0267578125 0.0373046875
2 0.690625 0.01875 0.0123046875 0.0373046875
2 0.95 0.21328125 0.0154296875 0.0826171875
2 0.475 0.03515625 0.018359375 0.0642578125
2 0.7109375 0.09765625 0.0125 0.0826171875
2 0.25625 0.02734375 0.021875 0.0546875
2 0.88828125 0.13359375 0.0171875 0.0830078125
1 0.5296875 0.08125 0.0158203125 0.0779296875
2 0.81640625 0.23125 0.0173828125 0.093359375
2 0.99296875 0.2421875 0.0138671875 0.091015625
2 0.68671875 0.1546875 0.0263671875 0.084765625
2 0.50078125 0.34765625 0.0236328125 0.1046875
2 0.059375 0.1765625 0.0158203125 0.0966796875
2 0.02265625 0.1859375 0.0234375 0.0970703125
2 0.39296875 0.121875 0.021875 0.0841796875
3 0.5046875 0.0625 0.0064453125 0.012890625
2 0.659375 0.01796875 0.0158203125 0.0357421875