2 0.8515625 0.06796875 0.0185546875 0.0736328125
3 0.17109375 0.209375 0.0078125 0.012890625
2 0.74453125 0.28359375 0.0205078125 0.1017578125
2 0.8515625 0.090625 0.015625 0.0904296875
2 0.63125 0.1015625 0.0154296875 0.0873046875
1 0.7484375 0.30546875 0.0189453125 0.1017578125
2 0.50234375 0.02265625 0.0140625 0.0453125
2 0.153125 0.16484375 0.0279296875 0.090625
2 0.68984375 0.1875 0.0234375 0.0783203125
2 0.9203125 0.21953125 0.021484375 0.09375
2 0.54375 0.1703125 0.018359375 0.09375
2 0.3828125 0.18671875 0.01875 0.0955078125
2 0.96328125 0.315625 0.0203125 0.1033203125
2 0.75546875 0.41171875 0.028125 0.10625
2 0.98046875 0.340625 0.0298828125 0.106640625
2 0.12890625 0.478125 0.0326171875 0.125
2 0.39765625 0.49609375 0.0328125 0.1171875
2 0.759375 0.54453125 0.0314453125 0.1201171875
2 0.8484375 0.97265625 0.041015625 0.0546875