2 0.45 0.209375 0.012890625 0.0501953125
2 0.765625 0.56640625 0.025 0.0923828125
2 0.73359375 0.42109375 0.0173828125 0.075
2 0.70859375 0.35390625 0.0203125 0.0669921875
2 0.3 0.43671875 0.0185546875 0.075
2 0.47421875 0.2890625 0.0107421875 0.059765625
2 0.77421875 0.49765625 0.0201171875 0.0798828125
2 0.2109375 0.34296875 0.0189453125 0.0640625
1 0.6046875 0.53828125 0.0158203125 0.0875
2 0.86171875 0.69375 0.025 0.1
2 0.61796875 0.43125 0.0142578125 0.0716796875
2 0.403125 0.55390625 0.024609375 0.09375
2 0.80625 0.53828125 0.01875 0.0826171875
2 0.4015625 0.46171875 0.016015625 0.0767578125
2 0.5546875 0.38515625 0.0154296875 0.0703125
2 0.18046875 0.596875 0.0205078125 0.099609375
2 0.64140625 0.45546875 0.01875 0.084375
2 0.5625 0.7109375 0.019140625 0.1001953125
2 0.7109375 0.6390625 0.0220703125 0.0935546875
2 0.70703125 0.33125 0.0142578125 0.0626953125
1 0.60859375 0.1859375 0.0111328125 0.0529296875
3 0.2578125 0.38359375 0.0064453125 0.0140625