2 0.290625 0.165625 0.012890625 0.0564453125
3 0.8171875 0.275 0.00625 0.012109375
1 0.390625 0.01875 0.0095703125 0.0375
2 0.3734375 0.3328125 0.0158203125 0.078515625
2 0.5234375 0.02578125 0.009765625 0.0486328125
2 0.1109375 0.6078125 0.028515625 0.0998046875
2 0.290625 0.1828125 0.0123046875 0.0689453125
2 0.4609375 0.19140625 0.009765625 0.0671875
1 0.3703125 0.34921875 0.015625 0.0796875
2 0.5609375 0.11875 0.009765625 0.0591796875
2 0.83125 0.240625 0.0216796875 0.069140625
2 0.415625 0.2578125 0.0185546875 0.0623046875
2 0.11484375 0.56171875 0.0296875 0.090625
2 0.2375 0.2828125 0.015625 0.0720703125
2 0.52890625 0.24453125 0.0138671875 0.0732421875
2 0.65390625 0.2578125 0.0142578125 0.0748046875
2 0.20390625 0.35703125 0.015625 0.0798828125
2 0.365625 0.43125 0.021875 0.081640625
2 0.190625 0.3765625 0.024609375 0.0841796875
2 0.85 0.4828125 0.025 0.096875
2 0.6421875 0.496875 0.0251953125 0.090625
2 0.3625 0.534375 0.025 0.093359375
2 0.29296875 0.90625 0.0328125 0.121875