2 0.71328125 0.384375 0.0125 0.0564453125
2 0.5328125 0.29921875 0.009765625 0.04375
2 0.6859375 0.3984375 0.0123046875 0.05625
2 0.81796875 0.49296875 0.015625 0.0705078125
2 0.590625 0.34140625 0.012109375 0.0517578125
0 0.95546875 0.44921875 0.0138671875 0.0671875
2 0.48984375 0.30703125 0.0111328125 0.0482421875
2 0.428125 0.31484375 0.015625 0.0515625
2 0.4609375 0.40546875 0.0154296875 0.0609375
2 0.9125 0.49296875 0.024609375 0.0673828125
2 0.5453125 0.50078125 0.0216796875 0.0701171875
2 0.41328125 0.3875 0.0142578125 0.062890625
2 0.73125 0.41484375 0.021875 0.0642578125
2 0.63203125 0.446875 0.0140625 0.065625
2 0.82421875 0.42890625 0.0140625 0.0642578125
2 0.80546875 0.52734375 0.0201171875 0.0701171875
2 0.8921875 0.4796875 0.0185546875 0.0685546875
1 0.43046875 0.3828125 0.0138671875 0.065625
2 0.059375 0.49609375 0.018359375 0.0732421875
2 0.66875 0.54140625 0.021875 0.0796875
2 0.40234375 0.49453125 0.021875 0.0734375
3 0.51953125 0.31484375 0.0046875 0.009375
2 0.73359375 0.37890625 0.0142578125 0.0546875