2 0.6125 0.334375 0.012890625 0.05625
2 0.6484375 0.37578125 0.0189453125 0.046875
0 0.7703125 0.42890625 0.015625 0.0544921875
2 0.7609375 0.4546875 0.01875 0.0748046875
2 0.553125 0.36328125 0.0125 0.0638671875
2 0.790625 0.4765625 0.015625 0.066015625
2 0.51953125 0.48046875 0.0173828125 0.0705078125
2 0.69140625 0.4828125 0.028125 0.0720703125
2 0.75546875 0.51875 0.0298828125 0.0873046875
2 0.34765625 0.37421875 0.0234375 0.0703125
2 0.7171875 0.43671875 0.025 0.0638671875
1 0.2296875 0.3296875 0.016015625 0.0685546875
2 0.5890625 0.4421875 0.0185546875 0.078515625
2 0.47734375 0.35625 0.0294921875 0.069140625
2 0.6328125 0.41796875 0.022265625 0.0669921875
2 0.59140625 0.4890625 0.03125 0.066015625
2 0.3703125 0.45546875 0.0126953125 0.0830078125
2 0.2078125 0.31328125 0.0158203125 0.0673828125
2 0.434375 0.52265625 0.0185546875 0.0892578125
2 0.74453125 0.56796875 0.0263671875 0.10625
2 0.0453125 0.55703125 0.027734375 0.0919921875
3 0.621875 0.36171875 0.006640625 0.0107421875