0 0.0546875 0.3328125 0.015625 0.0533203125
2 0.46484375 0.22890625 0.0109375 0.0607421875
2 0.1015625 0.3203125 0.016015625 0.0564453125
2 0.39453125 0.19375 0.015625 0.0623046875
2 0.45625 0.1953125 0.012890625 0.0533203125
2 0.4578125 0.24296875 0.0154296875 0.059375
2 0.046875 0.36875 0.0126953125 0.068359375
2 0.4234375 0.20859375 0.015625 0.0576171875
2 0.23125 0.29296875 0.0125 0.0544921875
2 0.5875 0.2953125 0.0125 0.0716796875
2 0.60859375 0.203125 0.0109375 0.0564453125
1 0.52578125 0.2546875 0.025 0.066015625
2 0.378125 0.315625 0.0123046875 0.0591796875
2 0.43046875 0.2609375 0.0140625 0.06875
2 0.09609375 0.371875 0.0171875 0.0748046875
2 0.25390625 0.28515625 0.0142578125 0.065625
2 0.1546875 0.39375 0.0126953125 0.0716796875
2 0.21015625 0.3078125 0.0173828125 0.075
2 0.81484375 0.3265625 0.0142578125 0.0810546875
2 0.8546875 0.34296875 0.0248046875 0.078125
2 0.52265625 0.47421875 0.01875 0.0861328125
2 0.9484375 0.27109375 0.021484375 0.075