3 0.3625 0.5328125 0.0064453125 0.0123046875
2 0.6 0.209375 0.009375 0.0408203125
2 0.6015625 0.37109375 0.0158203125 0.0580078125
1 0.47890625 0.36484375 0.0234375 0.059375
2 0.18515625 0.2828125 0.0138671875 0.0529296875
2 0.4859375 0.296875 0.0158203125 0.053125
2 0.7484375 0.315625 0.0125 0.05625
2 0.6609375 0.35703125 0.0158203125 0.0548828125
2 0.62578125 0.440625 0.0173828125 0.069140625
2 0.72109375 0.2828125 0.015625 0.053125
2 0.80234375 0.359375 0.0125 0.0626953125
2 0.03203125 0.4125 0.015625 0.0658203125
2 0.3421875 0.49375 0.0283203125 0.0685546875
2 0.65625 0.5375 0.024609375 0.0685546875
2 0.76015625 0.4484375 0.0171875 0.0623046875
2 0.8390625 0.46796875 0.0216796875 0.0703125
2 0.6546875 0.9734375 0.0375 0.053125
2 0.8390625 0.60546875 0.021484375 0.0830078125
2 0.54921875 0.66640625 0.0265625 0.0859375
2 0.69921875 0.609375 0.0205078125 0.0841796875
2 0.91875 0.609375 0.01875 0.0751953125
1 0.18984375 0.20703125 0.015625 0.046875