2 0.353125 0.15546875 0.0123046875 0.0484375
3 0.64296875 0.4015625 0.0078125 0.015234375
2 0.2 0.04140625 0.0095703125 0.046875
2 0.35 0.1796875 0.012890625 0.0591796875
2 0.3921875 0.090625 0.0095703125 0.0498046875
2 0.234375 0.46640625 0.024609375 0.0732421875
2 0.1765625 0.1171875 0.009765625 0.053125
2 0.30625 0.14609375 0.0123046875 0.0609375
2 0.15390625 0.23203125 0.0142578125 0.0638671875
2 0.13046875 0.18671875 0.0125 0.059375
2 0.2171875 0.09140625 0.0123046875 0.053125
2 0.06640625 0.2484375 0.0173828125 0.0658203125
2 0.68515625 0.159375 0.0125 0.0591796875
2 0.09609375 0.20703125 0.0169921875 0.0669921875
2 0.26328125 0.30234375 0.0142578125 0.0732421875
2 0.684375 0.27890625 0.0185546875 0.0671875
2 0.52890625 0.284375 0.0140625 0.069140625
1 0.3296875 0.17890625 0.0185546875 0.0580078125
2 0.66796875 0.41015625 0.0205078125 0.0798828125
1 0.6453125 0.0296875 0.0125 0.046875
2 0.2828125 0.0234375 0.0154296875 0.046875