2 0.76640625 0.00703125 0.0140625 0.0138671875
2 0.8734375 0.01484375 0.015625 0.0296875
2 0.68359375 0.03125 0.0142578125 0.0625
2 0.0234375 0.096875 0.0126953125 0.065625
2 0.99375 0.16015625 0.0125 0.0798828125
2 0.83203125 0.0875 0.0169921875 0.0625
2 0.73046875 0.19765625 0.0142578125 0.0798828125
2 0.9171875 0.0421875 0.0185546875 0.065625
2 0.22109375 0.13515625 0.021875 0.0640625
2 0.703125 0.10859375 0.0189453125 0.0734375
1 0.48359375 0.1 0.0138671875 0.0689453125
2 0.96796875 0.45078125 0.0232421875 0.1076171875
2 0.9109375 0.24765625 0.0216796875 0.0888671875
2 0.5125 0.38125 0.0283203125 0.09375
2 0.41640625 0.63359375 0.0361328125 0.109375
3 0.2421875 0.1640625 0.0095703125 0.016015625