3 0.940625 0.63671875 0.009375 0.015625
2 0.40234375 0.09140625 0.0142578125 0.065625
2 0.3875 0.12734375 0.009375 0.0669921875
2 0.3046875 0.28203125 0.01875 0.0888671875
2 0.50703125 0.3296875 0.0142578125 0.0873046875
2 0.7515625 0.31015625 0.0123046875 0.0923828125
2 0.5546875 0.1609375 0.015625 0.075
2 0.24140625 0.40234375 0.015625 0.0955078125
2 0.68671875 0.0828125 0.0142578125 0.071484375
2 0.4625 0.25234375 0.0216796875 0.0765625
2 0.51171875 0.525 0.01875 0.115625
1 0.4359375 0.353125 0.01875 0.09375
2 0.496875 0.59609375 0.024609375 0.1080078125
2 0.67578125 0.24609375 0.0390625 0.0857421875
2 0.271875 0.353125 0.0216796875 0.0966796875
2 0.1796875 0.67578125 0.0251953125 0.1205078125
2 0.2046875 0.61484375 0.027734375 0.1013671875
2 0.7703125 0.6671875 0.034765625 0.115234375
2 0.4703125 0.92734375 0.034765625 0.1330078125
2 0.959375 0.6109375 0.046875 0.115625