2 0.52421875 0.0734375 0.0234375 0.05
2 0.42578125 0.15703125 0.021875 0.0544921875
1 0.34453125 0.06015625 0.0138671875 0.0451171875
2 0.653125 0.16484375 0.0185546875 0.0576171875
2 0.43984375 0.16328125 0.01875 0.0642578125
2 0.57265625 0.128125 0.0142578125 0.059375
2 0.6484375 0.2109375 0.022265625 0.071484375
2 0.453125 0.21953125 0.015625 0.0736328125
2 0.60859375 0.184375 0.0234375 0.0626953125
2 0.4078125 0.2328125 0.015234375 0.0779296875
2 0.26484375 0.2171875 0.015625 0.0748046875
2 0.2125 0.30078125 0.0158203125 0.090625
2 0.1640625 0.31640625 0.0158203125 0.0861328125
2 0.45390625 0.34453125 0.0173828125 0.0861328125
2 0.75234375 0.2671875 0.0171875 0.0845703125
1 0.41015625 0.34140625 0.0171875 0.090625
2 0.1390625 0.39609375 0.0189453125 0.0982421875
2 0.403125 0.5671875 0.024609375 0.102734375
2 0.25703125 0.44375 0.01875 0.0935546875
2 0.91796875 0.41875 0.025 0.0970703125
2 0.06875 0.47578125 0.0185546875 0.0982421875
2 0.28203125 0.82734375 0.03125 0.1361328125
3 0.64609375 0.1921875 0.0076171875 0.0126953125