2 0.3171875 0.203125 0.022265625 0.0498046875
2 0.41328125 0.284375 0.021875 0.053125
1 0.49296875 0.18984375 0.0125 0.04375
2 0.19140625 0.2921875 0.0173828125 0.0560546875
2 0.4 0.290625 0.01875 0.0626953125
2 0.26953125 0.25625 0.0142578125 0.056640625
2 0.1953125 0.3375 0.022265625 0.06875
2 0.38671875 0.34609375 0.015625 0.0732421875
2 0.234375 0.31171875 0.024609375 0.0625
2 0.43125 0.359375 0.012890625 0.0751953125
2 0.57109375 0.34296875 0.015625 0.0732421875
2 0.621875 0.425 0.0158203125 0.0876953125
2 0.66953125 0.440625 0.0169921875 0.084375
2 0.3859375 0.46796875 0.0185546875 0.084375
2 0.09375 0.3921875 0.018359375 0.0841796875
1 0.42890625 0.46484375 0.0171875 0.0888671875
2 0.69453125 0.51875 0.0201171875 0.094140625
2 0.4359375 0.6859375 0.022265625 0.0998046875
2 0.578125 0.565625 0.01875 0.0908203125
2 0.76328125 0.596875 0.0173828125 0.094140625
2 0.5546875 0.93671875 0.03125 0.1265625
3 0.19765625 0.31875 0.0076171875 0.0126953125