2 0.59609375 0.01875 0.0140625 0.0375
3 0.903125 0.65859375 0.009375 0.015625
2 0.384375 0.13203125 0.012890625 0.0638671875
2 0.3703125 0.16640625 0.009375 0.0640625
2 0.28984375 0.315625 0.01875 0.0845703125
2 0.48515625 0.36171875 0.0140625 0.084375
2 0.72109375 0.34296875 0.0111328125 0.0892578125
2 0.53125 0.1984375 0.015625 0.071875
2 0.2296875 0.43203125 0.015625 0.0923828125
2 0.65859375 0.1234375 0.0140625 0.0685546875
2 0.4421875 0.2875 0.021484375 0.0748046875
2 0.48984375 0.55 0.0173828125 0.1123046875
1 0.4171875 0.38515625 0.01875 0.090625
2 0.475 0.61875 0.0220703125 0.105859375
2 0.6484375 0.28125 0.0375 0.0814453125
2 0.25859375 0.38515625 0.0203125 0.0923828125
2 0.16953125 0.69609375 0.025 0.1171875
2 0.19375 0.63671875 0.0251953125 0.096875
2 0.7390625 0.6875 0.0345703125 0.1095703125
2 0.45 0.93671875 0.034375 0.1265625
2 0.92109375 0.6328125 0.0453125 0.1123046875