3 0.68515625 0.44453125 0.0078125 0.0138671875
2 0.425 0.090625 0.0095703125 0.044140625
2 0.42265625 0.2671875 0.0173828125 0.065234375
1 0.55703125 0.2609375 0.0263671875 0.065625
2 0.878125 0.17109375 0.0154296875 0.0576171875
2 0.55 0.1859375 0.0185546875 0.058984375
2 0.26171875 0.20703125 0.0138671875 0.0611328125
2 0.3578125 0.25234375 0.0185546875 0.0609375
2 0.396875 0.34375 0.019140625 0.0779296875
2 0.2921875 0.1703125 0.016015625 0.058984375
2 0.203125 0.25390625 0.012890625 0.06875
2 0.70703125 0.40234375 0.0326171875 0.075
2 0.36328125 0.44921875 0.025 0.075
2 0.24921875 0.35234375 0.01875 0.0673828125
2 0.16328125 0.3734375 0.0234375 0.0779296875
2 0.36328125 0.94921875 0.0421875 0.1013671875
2 0.16328125 0.52421875 0.021875 0.0919921875
2 0.48046875 0.590625 0.0294921875 0.09375
2 0.31640625 0.528125 0.0234375 0.0908203125
2 0.07578125 0.528125 0.0203125 0.081640625
1 0.87421875 0.0875 0.0169921875 0.0501953125