2 0.61640625 0.1875 0.0111328125 0.043359375
2 0.35546875 0.48203125 0.0203125 0.0765625
2 0.38203125 0.36171875 0.0142578125 0.0611328125
2 0.40234375 0.30625 0.0169921875 0.055859375
2 0.740625 0.375 0.0154296875 0.0623046875
2 0.59609375 0.253125 0.0080078125 0.05
2 0.3484375 0.425 0.0158203125 0.068359375
2 0.8140625 0.29765625 0.0158203125 0.053125
1 0.4890625 0.45859375 0.015234375 0.0732421875
2 0.27578125 0.5875 0.0203125 0.081640625
2 0.47734375 0.3703125 0.0125 0.0591796875
2 0.65546875 0.471875 0.0201171875 0.0779296875
2 0.321875 0.459375 0.015625 0.0685546875
2 0.65703125 0.3953125 0.0140625 0.065234375
2 0.5296875 0.3328125 0.0125 0.058984375
2 0.83984375 0.50703125 0.0173828125 0.08125
2 0.4578125 0.390625 0.015625 0.0689453125
2 0.5234375 0.6015625 0.016015625 0.0841796875
2 0.40078125 0.5421875 0.01875 0.077734375
2 0.4390625 0.93984375 0.021875 0.1201171875
2 0.40390625 0.2875 0.0125 0.0529296875
1 0.48515625 0.1671875 0.009375 0.0435546875
3 0.77578125 0.33125 0.0048828125 0.0123046875