2 0.72265625 0.29296875 0.0171875 0.0798828125
2 0.47109375 0.1734375 0.015625 0.0623046875
2 0.68515625 0.3125 0.0169921875 0.0783203125
2 0.86953125 0.4453125 0.021875 0.0998046875
2 0.5515625 0.23359375 0.015625 0.0734375
2 0.41015625 0.184375 0.0169921875 0.068359375
2 0.32421875 0.1953125 0.021875 0.071875
2 0.3703125 0.321875 0.0216796875 0.087109375
2 0.99296875 0.44453125 0.0140625 0.0951171875
2 0.48828125 0.45546875 0.0296875 0.0982421875
2 0.303125 0.29765625 0.019140625 0.0892578125
2 0.7484375 0.3359375 0.0310546875 0.090625
2 0.61015625 0.38046875 0.0201171875 0.0921875
2 0.878125 0.35546875 0.0189453125 0.090625
2 0.8515625 0.49296875 0.028125 0.0982421875
2 0.9734375 0.42578125 0.0251953125 0.0951171875
1 0.32734375 0.290625 0.0173828125 0.093359375
2 0.66015625 0.5125 0.0298828125 0.112109375
2 0.2890625 0.446875 0.028515625 0.103125
3 0.45234375 0.1953125 0.0076171875 0.0126953125
2 0.7515625 0.284375 0.021484375 0.075390625