2 0.53203125 0.44375 0.0111328125 0.0470703125
3 0.2453125 0.68828125 0.008984375 0.0140625
2 0.68359375 0.33125 0.0107421875 0.0466796875
2 0.53515625 0.46875 0.0140625 0.056640625
2 0.49375 0.38046875 0.0095703125 0.0486328125
2 0.64921875 0.7515625 0.0234375 0.071875
2 0.70703125 0.40703125 0.0109375 0.0517578125
2 0.578125 0.43515625 0.0123046875 0.0607421875
2 0.72890625 0.5203125 0.0140625 0.0626953125
2 0.75234375 0.47578125 0.0125 0.059375
2 0.92109375 0.67109375 0.0142578125 0.0671875
2 0.66640625 0.38125 0.0111328125 0.0529296875
2 0.81640625 0.53671875 0.0173828125 0.065625
2 0.203125 0.44765625 0.0125 0.0578125
2 0.78671875 0.4953125 0.0169921875 0.065625
2 0.6203125 0.58984375 0.015234375 0.071875
2 0.20390625 0.5671875 0.0173828125 0.066015625
2 0.3578125 0.571875 0.015234375 0.0689453125
1 0.55546875 0.4671875 0.0173828125 0.058984375
2 0.2203125 0.696875 0.0216796875 0.080859375
1 0.24296875 0.3203125 0.0125 0.0466796875
2 0.60234375 0.3125 0.0140625 0.0498046875