2 0.46875 0.2609375 0.015625 0.0625
2 0.42890625 0.30703125 0.021875 0.0517578125
0 0.29140625 0.3671875 0.0171875 0.0595703125
2 0.30234375 0.3953125 0.0205078125 0.0841796875
2 0.53515625 0.29375 0.0140625 0.0716796875
2 0.26953125 0.4203125 0.0171875 0.075
2 0.5734375 0.425 0.0189453125 0.080859375
2 0.38046875 0.42734375 0.03125 0.08125
2 0.30859375 0.4671875 0.034375 0.096875
2 0.76640625 0.30546875 0.0265625 0.0794921875
2 0.3515625 0.37578125 0.028125 0.0705078125
1 0.8984375 0.25546875 0.0189453125 0.0765625
2 0.49453125 0.38125 0.0203125 0.087890625
2 0.6203125 0.28515625 0.033984375 0.0794921875
2 0.44609375 0.3546875 0.0265625 0.0748046875
2 0.49296875 0.43359375 0.0357421875 0.075
2 0.740625 0.39609375 0.0154296875 0.09375
2 0.92265625 0.23671875 0.01875 0.0765625
2 0.66875 0.47109375 0.0189453125 0.1013671875
2 0.3203125 0.52265625 0.0283203125 0.11875
3 0.45859375 0.29140625 0.0080078125 0.0111328125