2 0.38125 0.2796875 0.012109375 0.040234375
2 0.61328125 0.259375 0.0138671875 0.0373046875
2 0.2015625 0.2890625 0.009765625 0.0435546875
2 0.159375 0.271875 0.0095703125 0.043359375
2 0.1171875 0.2984375 0.0125 0.05
2 0.2671875 0.32421875 0.0123046875 0.0513671875
2 0.78828125 0.3765625 0.0109375 0.052734375
2 0.02109375 0.42734375 0.0125 0.0638671875
2 0.8234375 0.33828125 0.009765625 0.0513671875
2 0.15 0.36953125 0.0126953125 0.05
2 0.2296875 0.45703125 0.0123046875 0.0638671875
2 0.0828125 0.33359375 0.015234375 0.0515625
2 0.6328125 0.40703125 0.016015625 0.0513671875
2 0.2515625 0.38671875 0.015625 0.0578125
1 0.425 0.3796875 0.012109375 0.053515625
0 0.90703125 0.39921875 0.0173828125 0.0546875
2 0.00546875 0.5875 0.0109375 0.0716796875
2 0.04296875 0.65625 0.0173828125 0.084375
2 0.0875 0.49609375 0.0158203125 0.0701171875
2 0.40234375 0.6015625 0.0232421875 0.0748046875
2 0.478125 0.8015625 0.0283203125 0.0873046875
3 0.615625 0.43046875 0.006640625 0.0140625
1 0.6578125 0.2125 0.009375 0.037109375
2 0.32109375 0.21953125 0.0138671875 0.0359375