2 0.08515625 0.16640625 0.0201171875 0.05625
2 0.00546875 0.28984375 0.0109375 0.078125
2 0.096875 0.14921875 0.0154296875 0.059375
2 0.24453125 0.0515625 0.0140625 0.0529296875
2 0.3328125 0.0375 0.022265625 0.062109375
2 0.22109375 0.04296875 0.0107421875 0.05
2 0.00234375 0.2203125 0.0044921875 0.071484375
2 0.40625 0.0671875 0.0154296875 0.05625
2 0.20390625 0.1203125 0.0109375 0.071484375
2 0.59453125 0.05625 0.0201171875 0.055859375
2 0.0515625 0.1515625 0.0154296875 0.071875
1 0.359375 0.10625 0.012890625 0.068359375
2 0.1125 0.23515625 0.015625 0.0794921875
2 0.22421875 0.16953125 0.021875 0.0736328125
2 0.384375 0.3359375 0.019140625 0.0904296875
2 0.7640625 0.18828125 0.015234375 0.0828125
2 0.79609375 0.19609375 0.0201171875 0.0830078125
2 0.47734375 0.14140625 0.0201171875 0.071875
2 0.909375 0.13671875 0.012890625 0.0765625
3 0.38125 0.090625 0.00625 0.0125
2 0.24765625 0.034375 0.0140625 0.065625