0 0.00859375 0.0765625 0.0169921875 0.0720703125
2 0.06875 0.059375 0.0220703125 0.075390625
2 0.00234375 0.12421875 0.0044921875 0.0890625
2 0.24296875 0.0296875 0.0171875 0.059375
2 0.72109375 0.03671875 0.0171875 0.0734375
2 0.43984375 0.053125 0.015625 0.078125
2 0.509375 0.01328125 0.01875 0.0265625
2 0.0609375 0.12890625 0.0220703125 0.0986328125
2 0.27265625 0.02890625 0.0201171875 0.0576171875
2 0.13984375 0.1578125 0.0173828125 0.096484375
2 0.2140625 0.046875 0.022265625 0.09375
2 0.6328125 0.26640625 0.025 0.115625