0 0.9109375 0.4234375 0.009765625 0.046875
2 0.63125 0.38984375 0.012109375 0.0455078125
2 0.62421875 0.40546875 0.009375 0.0361328125
2 0.74140625 0.4140625 0.0138671875 0.0498046875
2 0.78046875 0.42421875 0.0111328125 0.04375
2 0.734375 0.4484375 0.0126953125 0.047265625
2 0.6484375 0.45390625 0.015234375 0.0486328125
2 0.25625 0.4296875 0.0095703125 0.0498046875
2 0.79921875 0.4265625 0.0109375 0.047265625
2 0.8125 0.47265625 0.0123046875 0.053125
2 0.82734375 0.4609375 0.0109375 0.053125
2 0.4328125 0.4421875 0.015234375 0.05625
2 0.55 0.425 0.0095703125 0.046875
1 0.58515625 0.453125 0.0142578125 0.050390625
2 0.50859375 0.45859375 0.0109375 0.0548828125
2 0.04453125 0.478125 0.009375 0.056640625
2 0.1 0.45703125 0.0158203125 0.053125
2 0.0375 0.5625 0.019140625 0.075
2 0.08828125 0.5828125 0.0138671875 0.077734375
2 0.08203125 0.615625 0.0201171875 0.0814453125
2 0.71484375 0.39609375 0.0142578125 0.0326171875
2 0.70234375 0.39140625 0.0142578125 0.0392578125
3 0.69453125 0.40859375 0.0044921875 0.0080078125
1 0.625 0.3390625 0.0091796875 0.0345703125