2 0.61875 0.29453125 0.0091796875 0.0392578125
0 0.7921875 0.30859375 0.0123046875 0.0421875
2 0.625 0.3109375 0.009375 0.0408203125
1 0.53359375 0.23125 0.0078125 0.03125
2 0.50859375 0.2703125 0.0076171875 0.0341796875
2 0.64140625 0.28984375 0.009375 0.04375
2 0.22421875 0.28125 0.009375 0.031640625
2 0.4390625 0.278125 0.0091796875 0.0404296875
2 0.67734375 0.3125 0.0142578125 0.044140625
2 0.6 0.321875 0.0095703125 0.043359375
2 0.6390625 0.353125 0.015625 0.049609375
2 0.57109375 0.28984375 0.009375 0.046875
2 0.440625 0.3265625 0.009375 0.05
2 0.3640625 0.284375 0.009375 0.0439453125
2 0.7140625 0.34140625 0.009765625 0.0517578125
2 0.08828125 0.31328125 0.009375 0.0453125
2 0.1265625 0.30546875 0.015234375 0.0419921875
2 0.06953125 0.43984375 0.0140625 0.0673828125
2 0.0890625 0.41953125 0.015234375 0.0671875
2 0.01015625 0.3890625 0.0142578125 0.059765625
1 0.4390625 0.3078125 0.0216796875 0.046875
2 0.48203125 0.2453125 0.0125 0.033984375
2 0.46796875 0.25390625 0.0109375 0.0361328125
3 0.459375 0.25625 0.0060546875 0.009375