2 0.46328125 0.4765625 0.009375 0.04375
2 0.42578125 0.58359375 0.0111328125 0.06875
2 0.4328125 0.596875 0.0189453125 0.062109375
2 0.1359375 0.596875 0.0125 0.0625
2 0.5671875 0.5109375 0.0091796875 0.046484375
2 0.72890625 0.50625 0.0107421875 0.0470703125
2 0.2109375 0.5390625 0.0123046875 0.052734375
2 0.24296875 0.553125 0.0142578125 0.0560546875
1 0.37578125 0.5578125 0.015625 0.059375
2 0.7140625 0.70234375 0.0158203125 0.0765625
2 0.39296875 0.6953125 0.0138671875 0.0751953125
2 0.071875 0.72890625 0.018359375 0.0826171875
2 0.8234375 0.54453125 0.0123046875 0.059375
2 0.69375 0.590625 0.0126953125 0.059375
2 0.13671875 0.73671875 0.01875 0.0875
2 0.6390625 0.86875 0.021484375 0.09375
2 0.71171875 0.8265625 0.0205078125 0.0904296875
2 0.0890625 0.80625 0.0220703125 0.0876953125
2 0.66328125 0.73671875 0.021875 0.0736328125
3 0.946875 0.74609375 0.012109375 0.0205078125
2 0.8609375 0.596875 0.021875 0.0533203125
1 0.7859375 0.440625 0.0095703125 0.040625