2 0.6703125 0.26328125 0.008984375 0.034375
2 0.46171875 0.28671875 0.0109375 0.0419921875
2 0.84296875 0.3203125 0.0111328125 0.040625
1 0.6703125 0.33046875 0.0154296875 0.046875
2 0.56953125 0.2953125 0.009375 0.040625
0 0.015625 0.42109375 0.012890625 0.0546875
2 0.85234375 0.34453125 0.0109375 0.040625
2 0.2875 0.3125 0.009375 0.040625
2 0.459375 0.37890625 0.0095703125 0.0544921875
2 0.709375 0.36640625 0.0095703125 0.0515625
2 0.64609375 0.36015625 0.0109375 0.0517578125
2 0.14921875 0.3953125 0.0140625 0.047265625
2 0.2 0.3984375 0.012109375 0.0564453125
2 0.88984375 0.36015625 0.0140625 0.0484375
2 0.67265625 0.46640625 0.0138671875 0.0638671875
2 0.3921875 0.44140625 0.0158203125 0.0611328125
2 0.89296875 0.50390625 0.0169921875 0.071875
2 0.91796875 0.475 0.0171875 0.0658203125
2 0.60859375 0.65078125 0.0173828125 0.0892578125
2 0.58828125 0.51484375 0.0203125 0.0671875
2 0.94609375 0.55703125 0.0173828125 0.078125
2 0.4625 0.5671875 0.012890625 0.0841796875
3 0.02734375 0.453125 0.00625 0.012890625
1 0.40078125 0.23046875 0.0078125 0.0328125