2 0.334375 0.34609375 0.0064453125 0.0298828125
2 0.51953125 0.36640625 0.009375 0.0361328125
2 0.18125 0.39609375 0.0095703125 0.0359375
1 0.334375 0.40625 0.0126953125 0.043359375
2 0.42421875 0.37421875 0.0080078125 0.0359375
0 0.91640625 0.4859375 0.0125 0.047265625
2 0.1734375 0.41796875 0.009375 0.0359375
2 0.675 0.38984375 0.006640625 0.0359375
2 0.521875 0.4484375 0.009375 0.0470703125
2 0.3 0.4375 0.009375 0.044140625
2 0.35625 0.43203125 0.009375 0.046875
2 0.79765625 0.46328125 0.0125 0.0423828125
2 0.75234375 0.46640625 0.009375 0.05
2 0.1390625 0.43203125 0.0125 0.0423828125
2 0.3328125 0.52578125 0.0123046875 0.05625
2 0.58203125 0.50390625 0.0140625 0.0548828125
2 0.1375 0.559375 0.012890625 0.062890625
2 0.11484375 0.534375 0.015625 0.0591796875
2 0.38984375 0.68984375 0.0169921875 0.0796875
2 0.4078125 0.56875 0.0185546875 0.0595703125
2 0.0890625 0.60703125 0.0158203125 0.0701171875
2 0.51953125 0.615625 0.0125 0.0748046875
3 0.90625 0.51484375 0.00625 0.0125
1 0.57421875 0.3171875 0.0076171875 0.028515625