2 0.32578125 0.33203125 0.009375 0.040625
2 0.290625 0.43203125 0.012109375 0.0640625
2 0.296875 0.44453125 0.0185546875 0.0576171875
2 0.01953125 0.4453125 0.0111328125 0.058984375
2 0.42265625 0.3640625 0.0080078125 0.041015625
2 0.57421875 0.36015625 0.009375 0.0451171875
2 0.08984375 0.390625 0.0109375 0.049609375
2 0.11953125 0.403125 0.0140625 0.0529296875
1 0.24375 0.4078125 0.0154296875 0.0560546875
2 0.5609375 0.54296875 0.015625 0.071875
2 0.259375 0.53671875 0.0125 0.0703125
2 0.66328125 0.3953125 0.0109375 0.0560546875
2 0.54140625 0.4390625 0.0125 0.0560546875
2 0.01953125 0.57578125 0.0171875 0.0826171875
2 0.84609375 0.4625 0.0111328125 0.062109375
2 0.48984375 0.6984375 0.01875 0.0875
2 0.55859375 0.659375 0.0201171875 0.084375
2 0.5125 0.57578125 0.019140625 0.0701171875
3 0.77890625 0.584375 0.0107421875 0.0189453125
2 0.6984375 0.44453125 0.021484375 0.0513671875
1 0.62734375 0.2984375 0.009375 0.0376953125