2 0.696875 0.28203125 0.009375 0.0451171875
0 0.88828125 0.296875 0.0125 0.046875
2 0.70390625 0.3 0.0107421875 0.044140625
1 0.60234375 0.2125 0.0080078125 0.034375
2 0.575 0.25546875 0.0064453125 0.0361328125
2 0.72265625 0.2765625 0.0107421875 0.0470703125
2 0.26171875 0.26640625 0.0107421875 0.0359375
2 0.4984375 0.2640625 0.009375 0.0439453125
2 0.76171875 0.3015625 0.0169921875 0.05
2 0.6765625 0.31171875 0.0123046875 0.046875
2 0.71875 0.34609375 0.018359375 0.0544921875
2 0.64453125 0.2765625 0.0109375 0.052734375
2 0.5 0.3171875 0.012109375 0.053515625
2 0.415625 0.27109375 0.0095703125 0.0486328125
2 0.80234375 0.33359375 0.0125 0.0576171875
2 0.11171875 0.30234375 0.0107421875 0.05
2 0.15390625 0.29453125 0.015625 0.0453125
2 0.09140625 0.4421875 0.015625 0.075
2 0.11171875 0.41953125 0.015625 0.0736328125
2 0.02578125 0.38671875 0.0169921875 0.0671875
1 0.4984375 0.29609375 0.0220703125 0.0515625
2 0.54609375 0.22734375 0.0140625 0.0359375
2 0.53046875 0.23671875 0.0125 0.040625
3 0.521875 0.23984375 0.00625 0.0109375