3 0.45078125 0.40390625 0.0076171875 0.0169921875
1 0.83359375 0.271875 0.0138671875 0.0564453125
2 0.0609375 0.321875 0.0126953125 0.0564453125
2 0.38671875 0.2890625 0.0111328125 0.0435546875
2 0.28828125 0.2609375 0.0107421875 0.05
2 0.234375 0.28046875 0.0154296875 0.0578125
2 0.35 0.25078125 0.009375 0.0482421875
2 0.1796875 0.28046875 0.0123046875 0.0517578125
2 0.5265625 0.25859375 0.009765625 0.0451171875
2 0.51171875 0.26171875 0.0125 0.05
2 0.578125 0.28359375 0.012890625 0.0515625
1 0.39140625 0.32890625 0.0140625 0.0638671875
2 0.18828125 0.28359375 0.0109375 0.0515625
2 0.83125 0.31015625 0.0154296875 0.0669921875
2 0.80703125 0.3078125 0.0142578125 0.059765625
2 0.86015625 0.37734375 0.015625 0.0642578125
2 0.340625 0.29765625 0.0125 0.0609375
2 0.846875 0.42890625 0.012890625 0.071875
2 0.0875 0.328125 0.018359375 0.068359375
2 0.35625 0.33046875 0.0154296875 0.0609375
2 0.6671875 0.45546875 0.034375 0.0763671875
2 0.0640625 0.35703125 0.015625 0.0703125
2 0.39375 0.359375 0.019140625 0.0470703125