0 0.8375 0.28515625 0.009375 0.04375
2 0.58046875 0.2546875 0.0107421875 0.041015625
2 0.57421875 0.26875 0.0080078125 0.0341796875
2 0.68203125 0.2765625 0.0125 0.046484375
2 0.71796875 0.2859375 0.0109375 0.0404296875
2 0.67578125 0.30859375 0.0125 0.0451171875
2 0.596875 0.31328125 0.0125 0.0453125
2 0.23515625 0.290625 0.009375 0.044140625
2 0.73515625 0.28828125 0.009375 0.0451171875
2 0.74765625 0.33046875 0.0109375 0.0484375
2 0.7609375 0.31953125 0.009375 0.0484375
2 0.39765625 0.30234375 0.0125 0.0517578125
2 0.50546875 0.28671875 0.009375 0.04375
1 0.5375 0.3125 0.0126953125 0.0470703125
2 0.46796875 0.3171875 0.0107421875 0.0501953125
2 0.040625 0.3359375 0.0091796875 0.053125
2 0.09140625 0.31640625 0.015625 0.0484375
2 0.03359375 0.41328125 0.01875 0.0701171875
2 0.08046875 0.43203125 0.0125 0.0703125
2 0.075 0.46171875 0.0185546875 0.0763671875
2 0.6578125 0.259375 0.0126953125 0.0283203125
2 0.64609375 0.25625 0.0140625 0.0373046875
3 0.6390625 0.27109375 0.0033203125 0.0078125
1 0.575 0.20703125 0.006640625 0.0328125