3 0.6 0.3765625 0.005859375 0.009765625
1 0.86171875 0.2859375 0.0080078125 0.040234375
2 0.3328125 0.3203125 0.0091796875 0.040234375
2 0.55546875 0.2984375 0.0078125 0.028515625
2 0.48828125 0.27890625 0.0076171875 0.034375
2 0.45078125 0.2921875 0.0107421875 0.0404296875
2 0.53046875 0.271875 0.00625 0.0314453125
2 0.4140625 0.2921875 0.008984375 0.034765625
0 0.14296875 0.31640625 0.0111328125 0.040625
2 0.6515625 0.27734375 0.0064453125 0.0298828125
2 0.64140625 0.27890625 0.0080078125 0.034375
2 0.68671875 0.29453125 0.009375 0.0357421875
1 0.55859375 0.32578125 0.009375 0.04375
2 0.41953125 0.29453125 0.0076171875 0.0357421875
2 0.86015625 0.3125 0.0107421875 0.044140625
2 0.84375 0.3109375 0.0095703125 0.0408203125
2 0.8796875 0.35859375 0.009765625 0.0451171875
2 0.52421875 0.30390625 0.0080078125 0.0419921875
2 0.87109375 0.39375 0.0107421875 0.0498046875
2 0.35078125 0.325 0.0111328125 0.0466796875
2 0.53515625 0.3265625 0.0107421875 0.0408203125
2 0.7484375 0.41171875 0.022265625 0.0515625
2 0.334375 0.34453125 0.012109375 0.0484375
2 0.5609375 0.34609375 0.015234375 0.0326171875