2 0.7234375 0.371875 0.0125 0.0345703125
2 0.4046875 0.5453125 0.0095703125 0.053515625
2 0.6921875 0.4390625 0.0123046875 0.046875
2 0.57265625 0.390625 0.0111328125 0.0435546875
2 0.6453125 0.46328125 0.0095703125 0.0482421875
2 0.453125 0.45703125 0.012890625 0.0486328125
2 0.8328125 0.39921875 0.009765625 0.0453125
2 0.43203125 0.4828125 0.009375 0.0529296875
2 0.53125 0.540625 0.0126953125 0.062109375
2 0.86796875 0.45390625 0.0140625 0.0482421875
2 0.4046875 0.603125 0.015234375 0.069140625
2 0.58828125 0.5796875 0.0138671875 0.0626953125
2 0.7875 0.49140625 0.0123046875 0.05
2 0.74140625 0.46484375 0.0080078125 0.0515625
1 0.54921875 0.5203125 0.009375 0.0564453125
2 0.9046875 0.53359375 0.016015625 0.0611328125
2 0.38984375 0.7671875 0.01875 0.0720703125
2 0.846875 0.8 0.0185546875 0.0814453125
2 0.45078125 0.8890625 0.025 0.084375
3 0.85390625 0.4734375 0.00625 0.0125
2 0.4546875 0.44453125 0.0125 0.0546875
1 0.45625 0.34140625 0.009375 0.0375