2 0.46796875 0.4265625 0.0111328125 0.040234375
2 0.37421875 0.40703125 0.009375 0.0390625
2 0.5515625 0.4515625 0.0154296875 0.0404296875
2 0.18671875 0.87578125 0.0142578125 0.0861328125
2 0.78203125 0.61328125 0.0234375 0.0546875
2 0.590625 0.615625 0.01875 0.05625
2 0.63125 0.571875 0.0154296875 0.0564453125
2 0.4953125 0.46640625 0.0095703125 0.046875
2 0.28125 0.65703125 0.012890625 0.0669921875
2 0.2671875 0.48125 0.0123046875 0.0435546875
2 0.15390625 0.596875 0.0140625 0.0595703125
2 0.1859375 0.8 0.0185546875 0.080859375
1 0.44296875 0.55859375 0.0142578125 0.0576171875
2 0.609375 0.77578125 0.0216796875 0.0763671875
2 0.56875 0.75234375 0.0126953125 0.0703125
2 0.68125 0.59296875 0.0126953125 0.05625
2 0.68046875 0.5140625 0.0173828125 0.05
2 0.65859375 0.6875 0.0171875 0.0623046875
2 0.58984375 0.6796875 0.0169921875 0.0658203125
2 0.85234375 0.66328125 0.0232421875 0.0607421875
2 0.4796875 0.62265625 0.0125 0.0669921875
3 0.86171875 0.58671875 0.0048828125 0.0107421875
0 0.8359375 0.471875 0.0220703125 0.0376953125
1 0.103125 0.3609375 0.009375 0.0404296875