2 0.30078125 0.4015625 0.0138671875 0.0435546875
2 0.0765625 0.46953125 0.016015625 0.0486328125
2 0.359375 0.40625 0.0064453125 0.0466796875
2 0.096875 0.4765625 0.0125 0.0529296875
2 0.46015625 0.46796875 0.0140625 0.05
2 0.41171875 0.4921875 0.0080078125 0.053125
2 0.58203125 0.3546875 0.0080078125 0.0345703125
2 0.78046875 0.578125 0.0107421875 0.0591796875
1 0.48125 0.43828125 0.0123046875 0.0482421875
2 0.2890625 0.59375 0.009765625 0.062890625
2 0.84609375 0.43828125 0.0111328125 0.0453125
2 0.821875 0.4203125 0.0095703125 0.046484375
2 0.5890625 0.40703125 0.0126953125 0.0453125
2 0.5375 0.58203125 0.0123046875 0.059375
2 0.38046875 0.71015625 0.0232421875 0.0703125
2 0.63984375 0.5234375 0.0138671875 0.0564453125
2 0.91328125 0.715625 0.0201171875 0.0751953125
2 0.45390625 0.6328125 0.0138671875 0.0658203125
2 0.91796875 0.5359375 0.015625 0.0591796875
2 0.8953125 0.82265625 0.0189453125 0.0857421875
2 0.5578125 0.7546875 0.0279296875 0.0720703125
1 0.94765625 0.334375 0.0125 0.0435546875