1 0.51953125 0.2796875 0.0076171875 0.028515625
2 0.496875 0.34453125 0.012109375 0.0375
2 0.35625 0.3265625 0.0091796875 0.034375
2 0.43984375 0.6078125 0.015625 0.0466796875
2 0.37578125 0.45078125 0.0076171875 0.0453125
2 0.61015625 0.4375 0.0109375 0.049609375
2 0.7296875 0.68828125 0.0123046875 0.0544921875
2 0.19453125 0.3890625 0.0107421875 0.0408203125
2 0.484375 0.4640625 0.0095703125 0.047265625
2 0.31484375 0.41328125 0.00625 0.0421875
2 0.603125 0.40390625 0.0095703125 0.05
2 0.340625 0.7734375 0.015625 0.0783203125
2 0.72890625 0.7453125 0.0169921875 0.071875
2 0.62265625 0.49921875 0.0111328125 0.0513671875
2 0.3640625 0.478125 0.009375 0.053125
2 0.2953125 0.528125 0.015234375 0.049609375
0 0.85234375 0.40390625 0.0109375 0.0453125
2 0.6328125 0.49921875 0.0091796875 0.0546875
2 0.50703125 0.39453125 0.0078125 0.0421875
1 0.528125 0.48046875 0.0123046875 0.0544921875
2 0.55703125 0.534375 0.0140625 0.053125
2 0.14453125 0.5546875 0.021875 0.05625
3 0.14453125 0.57734375 0.00625 0.0111328125