2 0.20625 0.3765625 0.009375 0.047265625
2 0.4125 0.346875 0.009375 0.049609375
2 0.29140625 0.38828125 0.009375 0.0484375
2 0.1609375 0.41640625 0.009765625 0.0548828125
2 0.29765625 0.4390625 0.0138671875 0.0501953125
2 0.78515625 0.3359375 0.0169921875 0.0466796875
2 0.1921875 0.39765625 0.0154296875 0.0546875
2 0.49453125 0.703125 0.0138671875 0.071875
2 0.22109375 0.525 0.0173828125 0.056640625
2 0.58828125 0.49375 0.015625 0.062890625
2 0.57578125 0.4421875 0.0107421875 0.053125
2 0.25859375 0.60703125 0.0140625 0.0732421875
2 0.13828125 0.5484375 0.0138671875 0.0689453125
0 0.928125 0.44453125 0.0189453125 0.0611328125
1 0.34765625 0.4328125 0.0142578125 0.058984375
2 0.78203125 0.50234375 0.0111328125 0.0640625
2 0.2390625 0.71875 0.0220703125 0.0845703125
2 0.19453125 0.6796875 0.021875 0.0814453125
2 0.35078125 0.67421875 0.0232421875 0.0765625
2 0.6078125 0.9859375 0.0375 0.028125
3 0.83046875 0.4234375 0.0076171875 0.0158203125
1 0.71015625 0.25546875 0.0109375 0.0392578125