2 0.52578125 0.2453125 0.0142578125 0.047265625
2 0.40859375 0.22109375 0.0111328125 0.0484375
2 0.6296875 0.2765625 0.01875 0.05
2 0.17578125 0.803125 0.01875 0.106640625
2 0.91640625 0.478125 0.0296875 0.068359375
2 0.678125 0.48046875 0.0220703125 0.0703125
2 0.728125 0.4265625 0.01875 0.0716796875
2 0.56015625 0.2953125 0.0125 0.0591796875
2 0.29296875 0.5328125 0.0171875 0.083984375
2 0.27578125 0.3140625 0.0140625 0.053125
2 0.134375 0.45703125 0.0185546875 0.075
2 0.1734375 0.71015625 0.021875 0.0986328125
1 0.49453125 0.409375 0.01875 0.0716796875
2 0.70078125 0.6796875 0.0265625 0.0939453125
2 0.65078125 0.65078125 0.0169921875 0.0875
2 0.79140625 0.45234375 0.0169921875 0.0703125
2 0.78984375 0.3546875 0.021875 0.0625
2 0.76328125 0.5703125 0.021875 0.077734375
2 0.6765625 0.56015625 0.021484375 0.0828125
2 0.99453125 0.5390625 0.0109375 0.075
2 0.53984375 0.4890625 0.015625 0.083984375
0 0.98359375 0.30234375 0.0294921875 0.046875
1 0.07109375 0.16484375 0.0111328125 0.05