1 0.75546875 0.2578125 0.0080078125 0.0310546875
2 0.325 0.371875 0.0125 0.0498046875
2 0.31640625 0.32734375 0.0109375 0.0359375
2 0.5765625 0.39375 0.0095703125 0.0498046875
2 0.31328125 0.36953125 0.0171875 0.0515625
2 0.4046875 0.35625 0.009765625 0.043359375
2 0.47578125 0.33359375 0.0076171875 0.0423828125
2 0.7 0.31796875 0.0125 0.0423828125
2 0.84921875 0.378125 0.0201171875 0.050390625
2 0.84453125 0.4265625 0.015625 0.05625
2 0.56796875 0.49140625 0.0111328125 0.05625
2 0.615625 0.34296875 0.0123046875 0.0455078125
2 0.6484375 0.9796875 0.01875 0.040625
2 0.38984375 0.3828125 0.0109375 0.0470703125
2 0.87734375 0.4890625 0.0203125 0.0595703125
1 0.4609375 0.4234375 0.015234375 0.052734375
2 0.5453125 0.41875 0.01875 0.0498046875
2 0.88359375 0.553125 0.0234375 0.068359375
2 0.2625 0.61328125 0.019140625 0.0640625
2 0.85859375 0.73125 0.0232421875 0.0779296875
2 0.21953125 0.5421875 0.0142578125 0.0595703125
2 0.49921875 0.534375 0.0169921875 0.0626953125
2 0.18046875 0.44140625 0.0125 0.0578125
3 0.33046875 0.33359375 0.0048828125 0.0107421875