2 0.65 0.33671875 0.0091796875 0.0330078125
2 0.42109375 0.3453125 0.0076171875 0.0404296875
2 0.72578125 0.2953125 0.0080078125 0.033984375
2 0.7796875 0.29375 0.008984375 0.0310546875
2 0.4234375 0.37578125 0.0095703125 0.0453125
2 0.41328125 0.384375 0.0080078125 0.044140625
2 0.64921875 0.3625 0.0109375 0.040625
2 0.4828125 0.42578125 0.009765625 0.0482421875
2 0.55 0.30703125 0.0064453125 0.0328125
0 0.0046875 0.41328125 0.0091796875 0.0486328125
2 0.59296875 0.3546875 0.0111328125 0.040625
2 0.5234375 0.45625 0.015234375 0.05
2 0.8703125 0.42890625 0.0123046875 0.05
2 0.78359375 0.3640625 0.0107421875 0.040625
2 0.74921875 0.4453125 0.0138671875 0.047265625
2 0.928125 0.43359375 0.0123046875 0.05
1 0.57109375 0.40859375 0.0107421875 0.0484375
2 0.3734375 0.4546875 0.0123046875 0.0533203125
2 0.42421875 0.671875 0.0171875 0.0654296875
2 0.80234375 0.65390625 0.015625 0.0673828125
2 0.38671875 0.5328125 0.0111328125 0.0623046875
2 0.5078125 0.7140625 0.0248046875 0.06875
1 0.4203125 0.2703125 0.0064453125 0.033984375
3 0.73671875 0.32109375 0.00625 0.009375