2 0.28984375 0.25625 0.0111328125 0.0376953125
0 0.97265625 0.26953125 0.0109375 0.0390625
2 0.409375 0.271875 0.018359375 0.04375
2 0.53984375 0.2140625 0.009375 0.040234375
2 0.65390625 0.29921875 0.0171875 0.04375
2 0.58515625 0.31015625 0.015625 0.04375
2 0.421875 0.3828125 0.012109375 0.053515625
1 0.465625 0.35546875 0.0158203125 0.053125
2 0.75390625 0.31796875 0.009375 0.0548828125
2 0.73515625 0.48828125 0.0173828125 0.0578125
2 0.26953125 0.32421875 0.009375 0.0546875
2 0.50703125 0.4328125 0.0107421875 0.0625
2 0.2296875 0.3484375 0.0158203125 0.0564453125
1 0.99609375 0.72421875 0.0078125 0.0921875
2 0.153125 0.49453125 0.0126953125 0.0701171875
2 0.81328125 0.46328125 0.015625 0.06875
2 0.625 0.4359375 0.0126953125 0.059765625
2 0.64296875 0.3953125 0.0125 0.053515625
2 0.4046875 0.403125 0.021875 0.055859375
2 0.5390625 0.415625 0.016015625 0.062109375
2 0.2375 0.6265625 0.025 0.071875
2 0.34765625 0.5296875 0.021875 0.065234375
2 0.14453125 0.62265625 0.0267578125 0.0794921875
3 0.6140625 0.39921875 0.00625 0.015625
1 0.21796875 0.13828125 0.0107421875 0.0390625