2 0.57734375 0.334375 0.0109375 0.0375
2 0.4703125 0.36875 0.009375 0.040625
2 0.58046875 0.4109375 0.0080078125 0.0435546875
2 0.36484375 0.434375 0.0107421875 0.0470703125
2 0.44453125 0.51484375 0.0111328125 0.05625
2 0.6171875 0.43828125 0.0095703125 0.04375
2 0.5203125 0.45625 0.0123046875 0.049609375
2 0.3015625 0.7390625 0.015234375 0.072265625
2 0.47421875 0.5546875 0.0111328125 0.058984375
2 0.6984375 0.459375 0.0125 0.0470703125
2 0.73515625 0.38515625 0.009375 0.04375
2 0.3546875 0.47265625 0.0123046875 0.053125
2 0.71484375 0.521875 0.0111328125 0.056640625
2 0.31875 0.5328125 0.0123046875 0.0591796875
2 0.72890625 0.440625 0.0080078125 0.0466796875
2 0.3328125 0.5296875 0.0091796875 0.0626953125
2 0.965625 0.5484375 0.012109375 0.053515625
2 0.4625 0.56953125 0.015625 0.0578125
2 0.73984375 0.8 0.01875 0.081640625
2 0.278125 0.9375 0.019140625 0.087890625
3 0.95 0.57265625 0.00625 0.0125
2 0.38359375 0.315625 0.0080078125 0.0345703125
2 0.36171875 0.42734375 0.0109375 0.0482421875