2 0.92890625 0.42578125 0.0140625 0.0453125
0 0.125 0.4421875 0.0126953125 0.0466796875
2 0.7875 0.44453125 0.019140625 0.0515625
2 0.634375 0.3765625 0.012109375 0.0466796875
2 0.5 0.4765625 0.019140625 0.052734375
2 0.58125 0.48984375 0.0185546875 0.0515625
2 0.7734375 0.57578125 0.0126953125 0.0640625
1 0.72109375 0.54296875 0.0201171875 0.0638671875
2 0.3828125 0.49921875 0.009765625 0.065625
2 0.4046875 0.7 0.0216796875 0.0685546875
2 0.95234375 0.50625 0.0109375 0.062890625
2 0.6734375 0.634375 0.0125 0.074609375
2 0.9953125 0.53359375 0.009375 0.0671875
1 0.084375 0.96171875 0.0341796875 0.0763671875
2 0.3125 0.6703125 0.01875 0.08125
2 0.53359375 0.6375 0.015625 0.071875
2 0.51328125 0.58984375 0.0140625 0.0640625
2 0.79375 0.59921875 0.025 0.0640625
2 0.63515625 0.6140625 0.0203125 0.071875
2 0.9875 0.8625 0.0248046875 0.0845703125
2 0.8609375 0.7484375 0.025 0.0751953125
3 0.546875 0.59453125 0.0064453125 0.0173828125