1 0.48359375 0.26015625 0.0076171875 0.0294921875
2 0.50625 0.32421875 0.012109375 0.0361328125
2 0.6453125 0.30625 0.008984375 0.0341796875
2 0.5625 0.58359375 0.015625 0.0453125
2 0.6265625 0.42890625 0.0064453125 0.0451171875
2 0.39375 0.41640625 0.012109375 0.0482421875
2 0.2765625 0.66328125 0.0123046875 0.053125
2 0.80546875 0.36796875 0.0107421875 0.040625
2 0.51875 0.4421875 0.0095703125 0.0470703125
2 0.68671875 0.39140625 0.00625 0.0419921875
2 0.4015625 0.3828125 0.0095703125 0.0498046875
2 0.6609375 0.74765625 0.015625 0.0767578125
2 0.2765625 0.71953125 0.015625 0.0705078125
2 0.38203125 0.4765625 0.0111328125 0.0501953125
2 0.63828125 0.45625 0.009375 0.0529296875
2 0.70546875 0.50546875 0.0140625 0.0482421875
0 0.1546875 0.3828125 0.009765625 0.0439453125
1 0.99609375 0.96328125 0.0078125 0.0734375
2 0.371875 0.4765625 0.0091796875 0.053515625
2 0.49609375 0.3734375 0.0078125 0.0408203125
1 0.47578125 0.45859375 0.0111328125 0.053125
2 0.446875 0.51171875 0.0126953125 0.0517578125
2 0.85546875 0.53125 0.021875 0.0560546875
3 0.8546875 0.5546875 0.00625 0.0123046875