2 0.103125 0.47578125 0.0123046875 0.0455078125
2 0.115625 0.47734375 0.012890625 0.0513671875
2 0.625 0.3546875 0.009375 0.040234375
1 0.534375 0.44375 0.009375 0.0501953125
2 0.334375 0.40546875 0.009375 0.05
2 0.471875 0.47734375 0.0123046875 0.05625
2 0.43203125 0.39609375 0.0080078125 0.0451171875
2 0.9015625 0.43984375 0.0125 0.0455078125
2 0.6140625 0.4078125 0.0125 0.046875
2 0.4046875 0.503125 0.0125 0.059375
2 0.7859375 0.38046875 0.015234375 0.0421875
2 0.38828125 0.54609375 0.0169921875 0.0580078125
2 0.56484375 0.634375 0.0140625 0.0685546875
2 0.91953125 0.87109375 0.0232421875 0.09375
2 0.97109375 0.55546875 0.0142578125 0.0640625
2 0.37890625 0.6625 0.0138671875 0.0689453125
2 0.51875 0.67578125 0.01875 0.0732421875
2 0.64375 0.53671875 0.012109375 0.0609375
2 0.83203125 0.58671875 0.0138671875 0.0625
2 0.48046875 0.6875 0.0125 0.065625
2 0.953125 0.75390625 0.0248046875 0.0857421875