2 0.82265625 0.3046875 0.009375 0.0279296875
2 0.73359375 0.3015625 0.0078125 0.0310546875
2 0.40859375 0.41171875 0.0107421875 0.0484375
0 0.0171875 0.4359375 0.009375 0.05
2 0.90390625 0.43046875 0.0140625 0.0453125
2 0.57265625 0.32734375 0.0076171875 0.0359375
2 0.6109375 0.37890625 0.008984375 0.040625
2 0.4125 0.50859375 0.012109375 0.0576171875
2 0.5140625 0.465625 0.008984375 0.049609375
2 0.69375 0.36328125 0.0123046875 0.0390625
2 0.64140625 0.37578125 0.009375 0.0392578125
2 0.415625 0.37109375 0.006640625 0.0423828125
1 0.6234375 0.42890625 0.0125 0.046875
2 0.53671875 0.48515625 0.0107421875 0.0517578125
2 0.83984375 0.51875 0.0142578125 0.053125
2 0.41640625 0.5828125 0.0169921875 0.0591796875
2 0.81953125 0.42578125 0.0138671875 0.0453125
2 0.56640625 0.71875 0.0140625 0.068359375
2 0.60234375 0.72109375 0.0173828125 0.0705078125
2 0.84140625 0.65703125 0.0232421875 0.0642578125
2 0.9 0.41875 0.0125 0.044140625
3 0.81328125 0.315625 0.003125 0.0064453125
1 0.40625 0.28828125 0.0091796875 0.03125