2 0.86875 0.44921875 0.009375 0.053125
2 0.859375 0.4109375 0.009375 0.04375
2 0.87421875 0.4359375 0.0138671875 0.053515625
2 0.81875 0.62109375 0.0095703125 0.0640625
2 0.60859375 0.33359375 0.0078125 0.0388671875
2 0.14296875 0.4484375 0.0171875 0.047265625
2 0.83203125 0.61015625 0.0111328125 0.0611328125
2 0.50625 0.73984375 0.0123046875 0.0701171875
2 0.2859375 0.390625 0.009765625 0.044140625
2 0.87421875 0.57578125 0.0107421875 0.065625
1 0.6234375 0.45234375 0.0095703125 0.0515625
2 0.71015625 0.46953125 0.0111328125 0.0515625
2 0.0359375 0.54140625 0.0126953125 0.059375
2 0.76015625 0.425 0.0107421875 0.04375
2 0.4328125 0.4546875 0.009375 0.052734375
2 0.565625 0.37734375 0.009375 0.0423828125
2 0.803125 0.73828125 0.0220703125 0.0734375
2 0.35859375 0.91953125 0.0234375 0.0888671875
2 0.86328125 0.68359375 0.0169921875 0.0703125
2 0.73046875 0.76640625 0.01875 0.0798828125
2 0.35234375 0.53046875 0.0142578125 0.0625
2 0.41875 0.525 0.015625 0.0625
3 0.153125 0.46953125 0.0064453125 0.0111328125
1 0.365625 0.28671875 0.0095703125 0.040625