2 0.79296875 0.35703125 0.0078125 0.0455078125
2 0.784375 0.3234375 0.006640625 0.0376953125
2 0.79765625 0.3453125 0.0111328125 0.047265625
2 0.74921875 0.50703125 0.009375 0.0548828125
2 0.565625 0.25546875 0.0064453125 0.0330078125
2 0.15859375 0.35546875 0.0142578125 0.0421875
2 0.7609375 0.496875 0.0095703125 0.0533203125
2 0.4765625 0.6109375 0.0095703125 0.059765625
2 0.28359375 0.30546875 0.009375 0.0390625
2 0.79765625 0.4671875 0.009375 0.058984375
1 0.57890625 0.359375 0.009375 0.044140625
2 0.6546875 0.37421875 0.0095703125 0.0453125
2 0.065625 0.4375 0.0123046875 0.050390625
2 0.6984375 0.3359375 0.009375 0.0376953125
2 0.4125 0.3609375 0.006640625 0.046484375
2 0.528125 0.29375 0.006640625 0.0375
2 0.73515625 0.609375 0.0203125 0.062890625
1 0.8703125 0.9234375 0.022265625 0.0908203125
2 0.346875 0.76796875 0.019140625 0.0765625
2 0.7875 0.56171875 0.0154296875 0.0611328125
2 0.671875 0.634375 0.0158203125 0.069140625
2 0.3421875 0.42734375 0.0126953125 0.0546875
2 0.4 0.42265625 0.0126953125 0.0546875
3 0.1671875 0.37421875 0.00625 0.0109375
1 0.353125 0.2140625 0.009375 0.034765625