2 0.9828125 0.2734375 0.0095703125 0.047265625
2 0.775 0.24296875 0.009375 0.0484375
2 0.896875 0.284375 0.0095703125 0.049609375
2 0.890625 0.3359375 0.0126953125 0.052734375
2 0.3984375 0.23203125 0.016015625 0.0455078125
2 0.99453125 0.29375 0.0109375 0.055859375
2 0.69140625 0.60234375 0.0138671875 0.0732421875
2 0.96796875 0.4234375 0.0173828125 0.0591796875
2 0.596875 0.39140625 0.015625 0.0642578125
2 0.61015625 0.3390625 0.0109375 0.0533203125
2 0.93046875 0.50546875 0.0140625 0.0734375
0 0.25390625 0.34140625 0.0201171875 0.0625
1 0.83984375 0.3296875 0.0142578125 0.0591796875
2 0.4015625 0.4 0.0123046875 0.0654296875
2 0.95 0.61796875 0.0220703125 0.0859375
2 0.99140625 0.57890625 0.0171875 0.0828125
2 0.1515625 0.534375 0.0154296875 0.08125
2 0.8375 0.5734375 0.024609375 0.0779296875
2 0.578125 0.92578125 0.037890625 0.1015625
3 0.35234375 0.3203125 0.0076171875 0.0158203125
1 0.47421875 0.15078125 0.0109375 0.0392578125