2 0.63359375 0.59609375 0.0107421875 0.040625
3 0.45859375 0.740625 0.00625 0.0123046875
2 0.5703125 0.37109375 0.009375 0.0421875
2 0.63046875 0.64140625 0.0234375 0.0671875
2 0.80234375 0.71640625 0.0111328125 0.0671875
2 0.34140625 0.3859375 0.0080078125 0.040625
0 0.86015625 0.41171875 0.0142578125 0.0453125
2 0.53671875 0.56796875 0.0111328125 0.0544921875
2 0.55 0.425 0.0091796875 0.0466796875
2 0.7625 0.5984375 0.0095703125 0.0625
2 0.64140625 0.4140625 0.0125 0.046875
2 0.65625 0.4203125 0.009375 0.046875
2 0.69296875 0.4890625 0.009375 0.053125
1 0.5375 0.503125 0.0125 0.0501953125
1 0.1421875 0.95859375 0.021484375 0.0828125
2 0.79296875 0.6171875 0.0142578125 0.065234375
2 0.22265625 0.65234375 0.0169921875 0.0669921875
2 0.58828125 0.69609375 0.0236328125 0.0705078125
2 0.246875 0.46953125 0.0125 0.0515625
2 0.38671875 0.5125 0.0169921875 0.049609375
2 0.61640625 0.7515625 0.0111328125 0.075
2 0.4484375 0.715625 0.0123046875 0.0716796875
2 0.4828125 0.58046875 0.0126953125 0.0576171875
2 0.2984375 0.63046875 0.0126953125 0.0703125
1 0.53671875 0.28671875 0.009375 0.0328125