2 0.21875 0.771875 0.0126953125 0.050390625
3 0.4421875 0.95546875 0.0091796875 0.0142578125
2 0.2984375 0.484375 0.0123046875 0.0533203125
2 0.221875 0.82890625 0.0310546875 0.0859375
2 0.0046875 0.925 0.009375 0.087109375
2 0.5921875 0.50234375 0.009765625 0.0515625
2 0.34140625 0.7359375 0.0142578125 0.06875
2 0.325 0.553125 0.012109375 0.0591796875
2 0.05390625 0.77421875 0.0138671875 0.0796875
2 0.20859375 0.5390625 0.015625 0.0595703125
2 0.1890625 0.54765625 0.0125 0.0607421875
2 0.14296875 0.634375 0.0111328125 0.068359375
1 0.340625 0.653125 0.015625 0.0654296875
2 0.01484375 0.79765625 0.0201171875 0.0826171875
2 0.74375 0.84375 0.0216796875 0.0845703125
2 0.27578125 0.89921875 0.03125 0.090625
2 0.7125 0.609375 0.015625 0.0658203125
2 0.53359375 0.66484375 0.0205078125 0.0611328125
2 0.240625 0.9609375 0.0154296875 0.0779296875
2 0.4546875 0.92421875 0.0154296875 0.090625
2 0.4109375 0.7515625 0.0158203125 0.0720703125
2 0.646875 0.81484375 0.018359375 0.0892578125
1 0.3421875 0.3765625 0.0125 0.0408203125