2 0.6125 0.38203125 0.0091796875 0.0451171875
2 0.63359375 0.41484375 0.0107421875 0.0421875
2 0.60390625 0.38828125 0.0142578125 0.04375
2 0.528125 0.31796875 0.012109375 0.0357421875
2 0.3421875 0.39140625 0.009375 0.0421875
2 0.5609375 0.52734375 0.0154296875 0.053125
2 0.33125 0.4 0.009375 0.040625
2 0.42109375 0.36875 0.0107421875 0.0404296875
2 0.51875 0.403125 0.0095703125 0.040625
2 0.6234375 0.4203125 0.009765625 0.0498046875
2 0.359375 0.4890625 0.0095703125 0.0533203125
1 0.546875 0.45234375 0.009375 0.0484375
2 0.27265625 0.34296875 0.009375 0.0392578125
2 0.44453125 0.37109375 0.0107421875 0.0392578125
2 0.6671875 0.46875 0.0125 0.0529296875
0 0.93515625 0.403125 0.0142578125 0.0498046875
2 0.5890625 0.48359375 0.01875 0.05
1 0.003125 0.9125 0.00625 0.084375
2 0.7171875 0.65078125 0.0126953125 0.0611328125
2 0.353125 0.6984375 0.0154296875 0.071875
2 0.14765625 0.49296875 0.0111328125 0.0517578125
2 0.76171875 0.81953125 0.0171875 0.0826171875
1 0.56796875 0.2578125 0.0078125 0.0283203125
2 0.40625 0.2890625 0.0091796875 0.0373046875