2 0.31484375 0.33828125 0.009375 0.0486328125
2 0.290625 0.375 0.0123046875 0.046875
2 0.32421875 0.3453125 0.0169921875 0.047265625
2 0.4078125 0.26796875 0.0123046875 0.0388671875
2 0.6140625 0.34921875 0.0095703125 0.046875
2 0.371875 0.49921875 0.0158203125 0.0580078125
2 0.62578125 0.35859375 0.0107421875 0.0453125
2 0.5265625 0.32421875 0.0123046875 0.04375
2 0.41875 0.36171875 0.0123046875 0.0453125
2 0.30234375 0.38046875 0.0111328125 0.0546875
2 0.59453125 0.45703125 0.0111328125 0.0607421875
1 0.3875 0.41640625 0.0095703125 0.0544921875
2 0.69140625 0.2953125 0.0107421875 0.04375
2 0.50078125 0.32578125 0.0111328125 0.04375
2 0.25390625 0.434375 0.0140625 0.056640625
2 0.340625 0.45078125 0.019140625 0.0548828125
1 0.99296875 0.925 0.0140625 0.09375
2 0.19921875 0.6359375 0.0142578125 0.06875
2 0.6015625 0.68828125 0.016015625 0.0794921875
2 0.8296875 0.46171875 0.0126953125 0.0578125
2 0.15 0.82265625 0.0189453125 0.090625
1 0.3640625 0.20078125 0.009375 0.0326171875
2 0.54296875 0.23515625 0.009375 0.040625