2 0.69765625 0.40390625 0.0142578125 0.0486328125
2 0.95234375 0.4796875 0.0201171875 0.05625
2 0.63125 0.40859375 0.0091796875 0.0517578125
2 0.9296875 0.48828125 0.015234375 0.059375
2 0.5171875 0.478125 0.0158203125 0.0564453125
2 0.571875 0.50625 0.009375 0.0595703125
2 0.378125 0.35 0.009375 0.0404296875
2 0.153125 0.60390625 0.0123046875 0.0669921875
1 0.49296875 0.44453125 0.0138671875 0.0544921875
2 0.71171875 0.62109375 0.0125 0.0734375
2 0.07890625 0.44453125 0.0138671875 0.0515625
2 0.10625 0.42421875 0.0123046875 0.0515625
2 0.3703125 0.409375 0.015625 0.050390625
2 0.42890625 0.6078125 0.0138671875 0.066015625
2 0.6078125 0.753125 0.0251953125 0.080859375
2 0.31328125 0.54140625 0.015625 0.0642578125
2 0.00625 0.759375 0.0125 0.087109375
2 0.52421875 0.665625 0.0142578125 0.075
2 0.003125 0.55625 0.0060546875 0.0658203125
2 0.02265625 0.88046875 0.0232421875 0.096875
2 0.40625 0.80390625 0.0310546875 0.0826171875