2 0.5921875 0.22890625 0.0091796875 0.0328125
2 0.26953125 0.2640625 0.0109375 0.0408203125
2 0.6546875 0.3546875 0.009765625 0.046875
2 0.56015625 0.27421875 0.0109375 0.0361328125
2 0.8 0.33203125 0.009375 0.04375
2 0.76171875 0.3 0.0076171875 0.0404296875
2 0.75546875 0.4953125 0.0080078125 0.059375
2 0.746875 0.440625 0.012109375 0.0529296875
2 0.7921875 0.31796875 0.0091796875 0.0451171875
2 0.78125 0.55234375 0.0123046875 0.0642578125
0 0.17578125 0.3453125 0.0142578125 0.052734375
2 0.059375 0.43359375 0.012109375 0.0515625
2 0.70546875 0.3109375 0.0080078125 0.0404296875
2 0.3171875 0.38515625 0.0091796875 0.0517578125
2 0.4328125 0.34140625 0.0091796875 0.0423828125
1 0.6234375 0.346875 0.008984375 0.0466796875
2 0.80390625 0.45703125 0.009375 0.059375
2 0.41171875 0.38046875 0.0080078125 0.0517578125
2 0.7265625 0.590625 0.016015625 0.0685546875
2 0.32578125 0.753125 0.0203125 0.080859375
2 0.64140625 0.58046875 0.0125 0.0673828125
2 0.4953125 0.6015625 0.0154296875 0.0658203125
1 0.86484375 0.93203125 0.0267578125 0.0921875
3 0.19453125 0.36640625 0.0048828125 0.0111328125
1 0.33515625 0.1953125 0.0107421875 0.034765625