2 0.64765625 0.240625 0.0107421875 0.0345703125
2 0.546875 0.27265625 0.009375 0.0388671875
2 0.65078125 0.3125 0.0078125 0.040625
2 0.446875 0.33515625 0.009375 0.0453125
2 0.521875 0.4109375 0.012109375 0.0533203125
2 0.68515625 0.3390625 0.009375 0.0408203125
2 0.59375 0.35625 0.012109375 0.0466796875
2 0.38671875 0.6234375 0.0138671875 0.0689453125
2 0.55 0.44921875 0.012109375 0.0546875
2 0.7625 0.35859375 0.0123046875 0.0453125
2 0.796875 0.28828125 0.009375 0.0419921875
2 0.4375 0.37109375 0.012109375 0.05
2 0.77734375 0.41796875 0.0111328125 0.0546875
2 0.403125 0.428125 0.0123046875 0.0560546875
2 0.790625 0.340625 0.006640625 0.04375
2 0.4171875 0.425 0.0091796875 0.0595703125
2 0.5390625 0.46328125 0.015234375 0.0546875
0 0.053125 0.371875 0.012890625 0.050390625
2 0.80078125 0.68125 0.0173828125 0.078125
2 0.36484375 0.8109375 0.0201171875 0.084375
3 0.99765625 0.4640625 0.0046875 0.0125
2 0.46484375 0.22265625 0.0078125 0.0328125
2 0.44453125 0.328125 0.0107421875 0.044140625