2 0.615625 0.2703125 0.0091796875 0.03125
2 0.30546875 0.30390625 0.0109375 0.0392578125
2 0.67578125 0.390625 0.0107421875 0.044140625
2 0.58515625 0.31328125 0.0109375 0.0357421875
2 0.815625 0.36875 0.009375 0.043359375
2 0.77890625 0.33828125 0.0076171875 0.0388671875
2 0.77265625 0.52578125 0.0078125 0.0576171875
2 0.76484375 0.4734375 0.0107421875 0.0501953125
2 0.8078125 0.35546875 0.008984375 0.0423828125
2 0.79765625 0.58046875 0.0109375 0.0625
0 0.21484375 0.38125 0.0142578125 0.05
2 0.10234375 0.46640625 0.0109375 0.05
2 0.72421875 0.34921875 0.0078125 0.0388671875
2 0.35078125 0.4203125 0.0080078125 0.0501953125
2 0.46171875 0.378125 0.0078125 0.0408203125
1 0.6453125 0.38359375 0.008984375 0.04375
2 0.81953125 0.48984375 0.009375 0.0576171875
2 0.4421875 0.415625 0.0091796875 0.0501953125
2 0.74453125 0.61796875 0.0169921875 0.0642578125
2 0.35859375 0.77421875 0.0201171875 0.0765625
2 0.66328125 0.6078125 0.0125 0.0654296875
2 0.52265625 0.62890625 0.0140625 0.0640625
1 0.878125 0.94609375 0.025390625 0.0890625
3 0.2328125 0.40234375 0.0060546875 0.0111328125
1 0.36796875 0.2375 0.009375 0.034375