2 0.87890625 0.26328125 0.0111328125 0.0330078125
2 0.7703125 0.259375 0.009375 0.0373046875
2 0.375 0.39375 0.0125 0.059375
2 0.97734375 0.41640625 0.0171875 0.0548828125
2 0.57421875 0.290625 0.0080078125 0.04375
2 0.62109375 0.35390625 0.009375 0.05
2 0.37890625 0.51171875 0.0138671875 0.0701171875
2 0.503125 0.45859375 0.009375 0.059375
2 0.721875 0.33515625 0.012890625 0.0482421875
2 0.6578125 0.34921875 0.0123046875 0.0484375
2 0.3828125 0.34453125 0.009375 0.0517578125
1 0.63671875 0.41484375 0.0142578125 0.0576171875
2 0.53046875 0.48359375 0.0125 0.0638671875
2 0.9 0.52421875 0.0185546875 0.0642578125
2 0.38359375 0.6015625 0.0201171875 0.071875
2 0.875 0.4109375 0.0158203125 0.0560546875
2 0.56640625 0.76796875 0.0171875 0.0826171875
2 0.61015625 0.7703125 0.021875 0.0873046875
2 0.9015625 0.6921875 0.0279296875 0.0783203125
2 0.97265625 0.40234375 0.015625 0.0548828125
3 0.8671875 0.2765625 0.0033203125 0.008984375
1 0.37109375 0.24375 0.0107421875 0.0376953125