2 0.68515625 0.353125 0.009375 0.0373046875
2 0.43671875 0.36171875 0.0078125 0.04375
2 0.76796875 0.3078125 0.009375 0.0345703125
2 0.8265625 0.30625 0.0091796875 0.0341796875
2 0.43984375 0.3953125 0.0109375 0.0498046875
2 0.428125 0.4046875 0.009375 0.0498046875
2 0.684375 0.38046875 0.0123046875 0.0451171875
2 0.50390625 0.45 0.0111328125 0.050390625
2 0.57734375 0.3203125 0.0076171875 0.0345703125
2 0.62421875 0.37265625 0.0125 0.0451171875
2 0.5484375 0.4828125 0.015625 0.053515625
2 0.925 0.453125 0.0126953125 0.055859375
2 0.83046875 0.3828125 0.0109375 0.0439453125
2 0.79296875 0.4703125 0.0140625 0.0529296875
2 0.98828125 0.45859375 0.0125 0.0546875
1 0.60078125 0.43125 0.0109375 0.0529296875
2 0.38515625 0.48046875 0.0138671875 0.0580078125
2 0.440625 0.71796875 0.01875 0.0705078125
2 0.85078125 0.69765625 0.0171875 0.0736328125
2 0.4 0.565625 0.0125 0.068359375
2 0.53125 0.76328125 0.025390625 0.075
1 0.43671875 0.28125 0.0078125 0.0345703125
3 0.7796875 0.3359375 0.0064453125 0.0095703125