2 0.48359375 0.396875 0.0107421875 0.043359375
1 0.3875 0.490625 0.0095703125 0.055859375
2 0.17421875 0.45078125 0.0107421875 0.053125
2 0.3203125 0.5265625 0.0123046875 0.0595703125
2 0.278125 0.43984375 0.009375 0.0482421875
2 0.778125 0.48671875 0.0126953125 0.0484375
2 0.471875 0.45234375 0.0126953125 0.05
2 0.2484375 0.5546875 0.0126953125 0.0626953125
2 0.6546875 0.42421875 0.015625 0.0453125
2 0.23125 0.6 0.0185546875 0.0625
2 0.41953125 0.69375 0.0142578125 0.0720703125
2 0.796875 0.9453125 0.0248046875 0.0998046875
2 0.8515625 0.609375 0.015625 0.0685546875
2 0.22109375 0.7234375 0.0140625 0.072265625
2 0.3703125 0.7375 0.021484375 0.075390625
2 0.50390625 0.58984375 0.0111328125 0.0642578125
2 0.70390625 0.64296875 0.0140625 0.0669921875
2 0.3296875 0.75 0.0126953125 0.069140625
2 0.8328125 0.82109375 0.0251953125 0.090625
1 0.91484375 0.36171875 0.0107421875 0.0423828125