1 0.96875 0.28828125 0.009375 0.0390625
0 0.1234375 0.375 0.01875 0.043359375
2 0.334375 0.3890625 0.0154296875 0.046875
2 0.68984375 0.3640625 0.0109375 0.05
1 0.54140625 0.4171875 0.0109375 0.0533203125
2 0.48359375 0.4578125 0.0125 0.0533203125
2 0.62265625 0.5078125 0.0107421875 0.0658203125
2 0.63203125 0.503125 0.0173828125 0.068359375
2 0.92734375 0.51953125 0.0138671875 0.0701171875
2 0.30625 0.39765625 0.0189453125 0.046875
2 0.8625 0.84296875 0.0185546875 0.0892578125
2 0.24453125 0.45390625 0.0203125 0.0548828125
2 0.4390625 0.42890625 0.016015625 0.0548828125
2 0.5015625 0.4015625 0.01875 0.0560546875
2 0.46171875 0.4921875 0.0125 0.0626953125
2 0.96796875 0.678125 0.0205078125 0.0841796875
2 0.90703125 0.5046875 0.0201171875 0.0623046875
2 0.6015625 0.56640625 0.0154296875 0.0673828125
2 0.23359375 0.57265625 0.0171875 0.0638671875
2 0.94453125 0.8171875 0.0236328125 0.097265625
2 0.6484375 0.66953125 0.0279296875 0.0703125
2 0.32734375 0.38203125 0.0125 0.04375
2 0.33828125 0.3765625 0.0173828125 0.0560546875