1 0.8953125 0.3265625 0.0095703125 0.040625
0 0.0125 0.4171875 0.0189453125 0.04375
2 0.2328125 0.43203125 0.015625 0.0484375
2 0.60390625 0.40625 0.0111328125 0.0529296875
1 0.44921875 0.46171875 0.0111328125 0.05625
2 0.3890625 0.503125 0.0126953125 0.05625
2 0.534375 0.55625 0.012109375 0.06875
2 0.54375 0.55078125 0.01875 0.0703125
2 0.85234375 0.56796875 0.0140625 0.0732421875
2 0.203125 0.440625 0.019140625 0.049609375
2 0.784375 0.90546875 0.01875 0.09375
2 0.1390625 0.49921875 0.0216796875 0.0578125
2 0.3421875 0.4734375 0.0185546875 0.058984375
2 0.40703125 0.4453125 0.0201171875 0.058984375
2 0.365625 0.53984375 0.0125 0.065625
2 0.89453125 0.73359375 0.021875 0.0861328125
2 0.83046875 0.55234375 0.0203125 0.0642578125
2 0.51171875 0.6171875 0.015625 0.0716796875
2 0.12734375 0.6234375 0.0173828125 0.065625
2 0.8703125 0.878125 0.0251953125 0.103125
2 0.5609375 0.72421875 0.0283203125 0.0734375
2 0.225 0.425 0.0126953125 0.044140625
2 0.23671875 0.41875 0.01875 0.056640625