1 0.925 0.13515625 0.0123046875 0.0421875
2 0.31953125 0.2953125 0.0173828125 0.06875
2 0.3078125 0.2328125 0.015625 0.05
2 0.67265625 0.32578125 0.0140625 0.06875
2 0.303125 0.29140625 0.024609375 0.0732421875
2 0.43125 0.2734375 0.0154296875 0.059375
2 0.53125 0.240625 0.009375 0.062109375
2 0.846875 0.21953125 0.018359375 0.0609375
2 0.6609375 0.46328125 0.0158203125 0.0796875
2 0.728125 0.2546875 0.0158203125 0.0654296875
2 0.4109375 0.31015625 0.015625 0.0671875
1 0.51015625 0.3671875 0.0203125 0.0720703125
2 0.62890625 0.3609375 0.0265625 0.06875
2 0.23125 0.63359375 0.028125 0.0892578125
2 0.17109375 0.534375 0.0205078125 0.084375
2 0.5640625 0.5234375 0.022265625 0.0876953125
2 0.11640625 0.3921875 0.0173828125 0.0810546875
3 0.32734375 0.24140625 0.0078125 0.0142578125