2 0.23046875 0.4015625 0.0140625 0.040234375
2 0.584375 0.59453125 0.012109375 0.0609375
2 0.26484375 0.4765625 0.0138671875 0.052734375
2 0.3984375 0.42265625 0.0126953125 0.0484375
2 0.3171875 0.503125 0.0123046875 0.053125
2 0.53125 0.49609375 0.015625 0.0546875
2 0.109375 0.43203125 0.0125 0.0513671875
2 0.5546875 0.525 0.0095703125 0.0591796875
2 0.44453125 0.58984375 0.0142578125 0.0671875
2 0.0703125 0.49296875 0.015625 0.053125
2 0.58515625 0.65859375 0.015625 0.078125
2 0.38125 0.6328125 0.0154296875 0.071484375
2 0.16015625 0.534375 0.0138671875 0.0560546875
2 0.2109375 0.50546875 0.009375 0.0576171875
1 0.42421875 0.5671875 0.0107421875 0.0626953125
2 0.02890625 0.58125 0.01875 0.06875
2 0.60078125 0.84140625 0.0205078125 0.0798828125
2 0.09375 0.878125 0.0189453125 0.090625
2 0.53359375 0.96484375 0.028125 0.0703125
3 0.08515625 0.51484375 0.0076171875 0.0140625
2 0.52890625 0.4828125 0.0140625 0.059765625
1 0.52734375 0.36796875 0.0107421875 0.0419921875