1 0.16015625 0.32734375 0.009375 0.0375
2 0.36328125 0.33359375 0.0138671875 0.0357421875
2 0.375 0.3359375 0.0095703125 0.040234375
2 0.7859375 0.3203125 0.008984375 0.040234375
2 0.74296875 0.33359375 0.0107421875 0.040625
2 0.2796875 0.35859375 0.0095703125 0.0392578125
2 0.39609375 0.35703125 0.0138671875 0.0421875
0 0.94765625 0.36953125 0.0111328125 0.0484375
2 0.75703125 0.34140625 0.0078125 0.0451171875
2 0.37890625 0.4015625 0.0107421875 0.0466796875
1 0.628125 0.35078125 0.0123046875 0.0453125
2 0.60234375 0.34375 0.0078125 0.0408203125
2 0.56796875 0.37421875 0.0111328125 0.040625
2 0.6546875 0.38515625 0.0123046875 0.0455078125
2 0.6109375 0.38671875 0.0095703125 0.0486328125
2 0.83984375 0.421875 0.0142578125 0.0529296875
2 0.82265625 0.4453125 0.015625 0.0498046875
2 0.1515625 0.4140625 0.0126953125 0.0560546875
2 0.48046875 0.43203125 0.0078125 0.0517578125
2 0.19609375 0.53828125 0.0171875 0.0703125
2 0.171875 0.48671875 0.0123046875 0.0640625
2 0.41640625 0.5578125 0.0203125 0.0625