2 0.31640625 0.2609375 0.0140625 0.04375
2 0.27265625 0.29921875 0.015625 0.0544921875
2 0.54921875 0.32578125 0.0111328125 0.0517578125
2 0.70546875 0.30625 0.0138671875 0.0560546875
2 0.5671875 0.39453125 0.0126953125 0.0611328125
2 0.31796875 0.3484375 0.0125 0.05625
2 0.1015625 0.2734375 0.0095703125 0.05
2 0.73984375 0.42578125 0.0173828125 0.0640625
2 0.20546875 0.3953125 0.0173828125 0.0595703125
1 0.38984375 0.31015625 0.0111328125 0.0517578125
2 0.6328125 0.3765625 0.009375 0.059375
2 0.0671875 0.584375 0.0125 0.078125
2 0.1265625 0.4734375 0.0123046875 0.071484375
2 0.68203125 0.54140625 0.0140625 0.078125
2 0.4875 0.60546875 0.0185546875 0.0826171875
2 0.86328125 0.47265625 0.015625 0.0767578125
1 0.86953125 0.70546875 0.0236328125 0.0982421875
1 0.19296875 0.1671875 0.009375 0.0341796875
2 0.33828125 0.21015625 0.0140625 0.0421875
2 0.4125 0.23984375 0.0125 0.0482421875
2 0.6390625 0.2375 0.0123046875 0.0466796875
2 0.6328125 0.2453125 0.0095703125 0.04375