2 0.25859375 0.48203125 0.0076171875 0.0330078125
2 0.54296875 0.47734375 0.00625 0.0328125
2 0.54296875 0.52109375 0.0078125 0.0375
2 0.434375 0.4859375 0.00625 0.034375
2 0.19921875 0.60078125 0.0140625 0.0451171875
2 0.690625 0.5171875 0.009375 0.0375
2 0.16640625 0.52578125 0.009375 0.0423828125
2 0.89765625 0.61171875 0.009375 0.0482421875
2 0.603125 0.53828125 0.0091796875 0.0419921875
2 0.33671875 0.5671875 0.009375 0.0439453125
2 0.778125 0.65859375 0.012109375 0.046875
1 0.55859375 0.56796875 0.0138671875 0.0423828125
2 0.0015625 0.67734375 0.003125 0.059375
0 0.875 0.58046875 0.0154296875 0.040625
2 0.49609375 0.55625 0.0080078125 0.0408203125
2 0.57890625 0.6359375 0.0080078125 0.052734375
2 0.06015625 0.66875 0.0232421875 0.055859375
2 0.2953125 0.61328125 0.0095703125 0.05
2 0.3375 0.784375 0.019140625 0.0625
2 0.7765625 0.75390625 0.015234375 0.0625
2 0.1828125 0.7578125 0.0158203125 0.0689453125
2 0.24296875 0.48203125 0.0078125 0.0361328125
3 0.87578125 0.58046875 0.0048828125 0.0109375