2 0.89375 0.41953125 0.024609375 0.0609375
2 0.41328125 0.25234375 0.0109375 0.0515625
2 0.45078125 0.3078125 0.0107421875 0.052734375
2 0.475 0.36171875 0.018359375 0.059375
2 0.1625 0.284375 0.0123046875 0.05
2 0.3921875 0.31953125 0.015234375 0.0544921875
2 0.14140625 0.28125 0.009375 0.0533203125
2 0.65078125 0.403125 0.0111328125 0.0654296875
2 0.19453125 0.43515625 0.0142578125 0.06875
2 0.44609375 0.4125 0.0125 0.0658203125
2 0.17109375 0.42578125 0.0138671875 0.06875
2 0.484375 0.49921875 0.0125 0.0732421875
2 0.4671875 0.5125 0.015625 0.0810546875
2 0.73984375 0.4890625 0.01875 0.0716796875
2 0.9265625 0.42890625 0.009765625 0.0638671875
2 0.9125 0.43671875 0.0158203125 0.0625
0 0.52890625 0.2515625 0.0142578125 0.052734375
2 0.4265625 0.25703125 0.015234375 0.0515625