2 0.5578125 0.45859375 0.0189453125 0.053125
2 0.54140625 0.48828125 0.0142578125 0.0580078125
2 0.68671875 0.409375 0.0125 0.0470703125
2 0.359375 0.43203125 0.012890625 0.0484375
2 0.38046875 0.49921875 0.0294921875 0.0578125
1 0.30859375 0.4609375 0.015625 0.0560546875
2 0.759375 0.41328125 0.018359375 0.0484375
2 0.275 0.5234375 0.0283203125 0.058984375
2 0.6421875 0.4015625 0.0126953125 0.046484375
2 0.60390625 0.4046875 0.0080078125 0.046875
2 0.00859375 0.5921875 0.0171875 0.075
2 0.696875 0.478125 0.019140625 0.055859375
2 0.14296875 0.68046875 0.0263671875 0.0736328125
2 0.73984375 0.44609375 0.021875 0.05625
2 0.44765625 0.66015625 0.0390625 0.0736328125
2 0.04609375 0.6046875 0.034375 0.0685546875
2 0.12734375 0.48671875 0.0140625 0.0578125
2 0.7765625 0.54765625 0.015234375 0.06875
2 0.81796875 0.50234375 0.0201171875 0.0611328125
3 0.2578125 0.55234375 0.00625 0.0109375
2 0.3875 0.4953125 0.018359375 0.058984375
1 0.71171875 0.34921875 0.0109375 0.046875