2 0.57890625 0.42421875 0.0138671875 0.0361328125
2 0.2625 0.46328125 0.0123046875 0.04375
2 0.6046875 0.4375 0.009375 0.043359375
2 0.7296875 0.52421875 0.015234375 0.0513671875
2 0.12890625 0.62265625 0.0138671875 0.0640625
2 0.121875 0.59296875 0.015625 0.0625
2 0.8921875 0.60703125 0.0185546875 0.0513671875
2 0.64296875 0.4515625 0.009375 0.046484375
2 0.9453125 0.6390625 0.0216796875 0.065234375
2 0.50390625 0.484375 0.009375 0.044140625
2 0.33984375 0.59453125 0.0111328125 0.0640625
2 0.7171875 0.6015625 0.015625 0.058984375
2 0.3359375 0.45234375 0.0064453125 0.0451171875
2 0.8140625 0.66796875 0.016015625 0.0609375
1 0.5796875 0.525 0.015234375 0.0529296875
2 0.15234375 0.64140625 0.0140625 0.065625
2 0.6171875 0.61875 0.0123046875 0.0625
1 0.090625 0.87265625 0.0248046875 0.09375
2 0.35390625 0.60703125 0.021875 0.059375
2 0.60234375 0.67265625 0.0205078125 0.0640625
2 0.79140625 0.66796875 0.0138671875 0.0625
2 0.5546875 0.70234375 0.01875 0.075
0 0.76484375 0.421875 0.0111328125 0.0439453125
3 0.9375 0.61875 0.00625 0.012109375
1 0.48359375 0.34375 0.0080078125 0.03125