2 0.5625 0.34609375 0.012109375 0.03125
2 0.3828125 0.37265625 0.009375 0.0419921875
2 0.6375 0.37890625 0.012109375 0.0375
2 0.39765625 0.38828125 0.009375 0.0451171875
2 0.39609375 0.42734375 0.0078125 0.0453125
2 0.434375 0.440625 0.0185546875 0.0529296875
2 0.4265625 0.4828125 0.015625 0.053515625
2 0.30703125 0.4984375 0.0138671875 0.0533203125
2 0.6546875 0.41484375 0.0125 0.0451171875
2 0.3796875 0.45859375 0.0189453125 0.0544921875
1 0.4609375 0.46484375 0.0123046875 0.053125
0 0.859375 0.428125 0.0123046875 0.046875
0 0.059375 0.42265625 0.0154296875 0.0544921875
2 0.58203125 0.51875 0.0109375 0.0564453125
1 0.81796875 0.8328125 0.028125 0.0998046875
2 0.77734375 0.5796875 0.0140625 0.0658203125
3 0.85390625 0.44296875 0.0048828125 0.0107421875
2 0.6359375 0.359375 0.009375 0.037109375
2 0.36328125 0.41640625 0.0111328125 0.0455078125
2 0.3421875 0.4109375 0.009765625 0.040234375
2 0.35546875 0.41171875 0.0107421875 0.0455078125
2 0.34921875 0.396875 0.009375 0.043359375
2 0.340625 0.45390625 0.012890625 0.046875
2 0.33359375 0.44453125 0.009375 0.0421875
2 0.33125 0.4265625 0.009375 0.0404296875
1 0.4046875 0.3265625 0.0064453125 0.028515625