2 0.0890625 0.32578125 0.0185546875 0.046875
2 0.10546875 0.32890625 0.0140625 0.0515625
2 0.65625 0.3078125 0.012109375 0.052734375
2 0.6 0.32578125 0.012890625 0.0546875
2 0.13359375 0.35703125 0.0173828125 0.0576171875
0 0.8734375 0.37421875 0.0158203125 0.0642578125
2 0.61796875 0.33671875 0.0109375 0.059375
2 0.11015625 0.4171875 0.0138671875 0.0625
1 0.4453125 0.3484375 0.0158203125 0.059765625
2 0.41015625 0.33984375 0.0107421875 0.0548828125
2 0.36484375 0.38046875 0.015625 0.0546875
2 0.48046875 0.39453125 0.0169921875 0.0625
2 0.421875 0.396875 0.0126953125 0.0658203125
2 0.7296875 0.44453125 0.0189453125 0.0703125
2 0.70625 0.47578125 0.0216796875 0.0669921875
2 0.24609375 0.45859375 0.0109375 0.0703125
2 0.16015625 0.6265625 0.0267578125 0.084375