2 0.45234375 0.36328125 0.0076171875 0.0326171875
2 0.76640625 0.4046875 0.009375 0.034765625
2 0.46328125 0.375 0.0078125 0.0310546875
2 0.328125 0.3953125 0.0125 0.040625
2 0.871875 0.4640625 0.0126953125 0.040625
2 0.5046875 0.44765625 0.009375 0.0392578125
2 0.37109375 0.48671875 0.0111328125 0.0455078125
2 0.84453125 0.46171875 0.0107421875 0.0421875
2 0.7109375 0.47421875 0.009375 0.0423828125
2 0.95234375 0.621875 0.0232421875 0.05625
2 0.39609375 0.7078125 0.0173828125 0.071484375
1 0.6828125 0.5125 0.021484375 0.050390625
2 0.3875 0.5046875 0.012109375 0.047265625
2 0.67421875 0.54765625 0.0232421875 0.0513671875
2 0.73515625 0.47265625 0.0169921875 0.0484375
0 0.08203125 0.42421875 0.0138671875 0.0392578125
2 0.1375 0.5515625 0.0125 0.059375
2 0.0703125 0.58046875 0.021484375 0.0576171875
1 0.02421875 0.69375 0.0201171875 0.069140625
2 0.23125 0.6671875 0.0185546875 0.065625
2 0.91484375 0.684375 0.0298828125 0.0625
2 0.63203125 0.38515625 0.0125 0.0375
3 0.99921875 0.54765625 0.0015625 0.0111328125