2 0.46953125 0.40625 0.0138671875 0.037890625
2 0.70859375 0.3671875 0.0080078125 0.0408203125
2 0.62890625 0.50078125 0.0140625 0.046875
2 0.7234375 0.3828125 0.0095703125 0.040625
2 0.63203125 0.459375 0.0107421875 0.0466796875
2 0.40078125 0.428125 0.0109375 0.05
1 0.57109375 0.4390625 0.0125 0.052734375
2 0.6359375 0.53828125 0.009765625 0.065625
2 0.3765625 0.47890625 0.0185546875 0.046875
2 0.39921875 0.4828125 0.0125 0.052734375
2 0.11640625 0.51640625 0.0111328125 0.0576171875
0 0.0046875 0.44140625 0.0091796875 0.0517578125
2 0.7796875 0.55 0.0125 0.0626953125
2 0.74609375 0.44453125 0.0107421875 0.0515625
2 0.8359375 0.59296875 0.021484375 0.071875
2 0.6109375 0.71328125 0.016015625 0.0734375
2 0.77421875 0.6515625 0.0171875 0.072265625
2 0.2265625 0.41875 0.009375 0.0498046875
2 0.3671875 0.5859375 0.016015625 0.065625
2 0.26640625 0.70234375 0.0236328125 0.0736328125
1 0.9359375 0.83828125 0.027734375 0.0984375
3 0.18984375 0.48828125 0.0078125 0.0140625
1 0.3171875 0.30703125 0.009375 0.0330078125
2 0.4609375 0.340625 0.0095703125 0.037890625
2 0.52578125 0.38046875 0.0111328125 0.0451171875