2 0.50859375 0.3859375 0.0076171875 0.0310546875
2 0.21171875 0.425 0.009375 0.0341796875
2 0.49765625 0.396875 0.0078125 0.028125
2 0.62578125 0.41640625 0.0111328125 0.0390625
2 0.1125 0.48203125 0.0125 0.0390625
2 0.459375 0.465625 0.0091796875 0.0375
2 0.58515625 0.50234375 0.0109375 0.04375
2 0.13828125 0.47890625 0.009375 0.0392578125
2 0.26484375 0.490625 0.0080078125 0.040625
2 0.03671875 0.63046875 0.021875 0.053125
2 0.56171875 0.7109375 0.0171875 0.0658203125
1 0.290625 0.52734375 0.0189453125 0.0486328125
2 0.56953125 0.51953125 0.0107421875 0.0455078125
2 0.29921875 0.5609375 0.0205078125 0.0470703125
2 0.24140625 0.4890625 0.015625 0.0466796875
0 0.8578125 0.44375 0.0125 0.0375
2 0.80546875 0.56328125 0.0111328125 0.05625
2 0.86953125 0.59140625 0.01875 0.0544921875
1 0.9125 0.6984375 0.0185546875 0.0658203125
2 0.7171875 0.6734375 0.016015625 0.0625
2 0.071875 0.6890625 0.0283203125 0.059375
2 0.3390625 0.40703125 0.0123046875 0.0359375