2 0.72890625 0.15625 0.0140625 0.0529296875
2 0.2796875 0.2125 0.009765625 0.069140625
2 0.434375 0.17578125 0.0126953125 0.05625
2 0.77890625 0.140625 0.0173828125 0.0595703125
2 0.74375 0.215625 0.012890625 0.0623046875
2 0.98671875 0.159375 0.0140625 0.0623046875
2 0.36875 0.240625 0.012890625 0.0685546875
2 0.3734375 0.3 0.0185546875 0.0685546875
2 0.7140625 0.22578125 0.015234375 0.0673828125
2 0.459375 0.228125 0.0185546875 0.069140625
2 0.1578125 0.28203125 0.0216796875 0.078125
2 0.6328125 0.2015625 0.0125 0.065234375
1 0.58984375 0.26640625 0.0138671875 0.0767578125
2 0.1109375 0.36484375 0.01875 0.0921875
2 0.19453125 0.4296875 0.0236328125 0.0875
2 0.84921875 0.2890625 0.0201171875 0.0814453125
2 0.16640625 0.3828125 0.0234375 0.096484375
2 0.41484375 0.3703125 0.0142578125 0.0845703125
2 0.63359375 0.39765625 0.025 0.0830078125
2 0.8484375 0.44296875 0.0185546875 0.09375
3 0.9828125 0.18671875 0.0064453125 0.0140625
1 0.15546875 0.15390625 0.0140625 0.0611328125