2 0.7078125 0.321875 0.0126953125 0.043359375
2 0.2640625 0.3640625 0.0091796875 0.046484375
2 0.1390625 0.3796875 0.0123046875 0.0439453125
2 0.27109375 0.3703125 0.009375 0.04375
0 0.88671875 0.365625 0.0111328125 0.0439453125
2 0.6265625 0.40234375 0.009375 0.0453125
2 0.74375 0.35859375 0.009375 0.040625
2 0.77890625 0.35234375 0.009375 0.0451171875
2 0.08671875 0.49453125 0.0142578125 0.065625
2 0.53984375 0.5421875 0.0173828125 0.0560546875
2 0.8359375 0.44140625 0.009375 0.0513671875
1 0.67578125 0.35078125 0.0107421875 0.04375
2 0.85546875 0.41171875 0.0140625 0.0515625
2 0.7203125 0.41015625 0.0095703125 0.046875
2 0.24921875 0.36171875 0.0076171875 0.0419921875
2 0.2875 0.43359375 0.0125 0.0544921875
2 0.50390625 0.39765625 0.0138671875 0.0517578125
2 0.1171875 0.4265625 0.015234375 0.0560546875
2 0.57421875 0.3703125 0.009375 0.04375
2 0.47890625 0.434375 0.009375 0.0529296875
2 0.0984375 0.53984375 0.0216796875 0.06875
1 0.11875 0.32265625 0.009375 0.0357421875
2 0.78125 0.328125 0.009375 0.0375
3 0.78671875 0.3390625 0.0048828125 0.008984375