2 0.53359375 0.3046875 0.0138671875 0.040625
2 0.66953125 0.359375 0.0109375 0.043359375
2 0.67734375 0.3828125 0.0109375 0.0376953125
2 0.70625 0.3546875 0.0095703125 0.046484375
2 0.53984375 0.34140625 0.0111328125 0.046875
2 0.29453125 0.328125 0.0109375 0.0408203125
1 0.0640625 0.3140625 0.0123046875 0.041015625
2 0.66015625 0.30078125 0.0080078125 0.0419921875
0 0.85390625 0.3484375 0.0107421875 0.046875
2 0.11875 0.40625 0.009375 0.0498046875
2 0.759375 0.39453125 0.012109375 0.0515625
2 0.73828125 0.384375 0.0109375 0.050390625
2 0.35546875 0.3171875 0.0080078125 0.041015625
2 0.0671875 0.40234375 0.021484375 0.059375
2 0.40859375 0.38046875 0.0140625 0.0513671875
1 0.5 0.33515625 0.015625 0.0451171875
2 0.83203125 0.42890625 0.0138671875 0.0625
2 0.61171875 0.32109375 0.0109375 0.0453125
2 0.334375 0.40859375 0.015625 0.0513671875
2 0.12421875 0.43984375 0.0138671875 0.0548828125
2 0.42265625 0.5359375 0.0294921875 0.065234375
2 0.69453125 0.4109375 0.0173828125 0.0529296875
2 0.5375 0.28828125 0.009375 0.0357421875