2 0.53046875 0.3609375 0.0111328125 0.0341796875
0 0.975 0.36328125 0.0123046875 0.0482421875
2 0.6859375 0.31484375 0.0154296875 0.0388671875
2 0.5625 0.37265625 0.0123046875 0.0388671875
2 0.9453125 0.43984375 0.0125 0.0578125
2 0.65 0.40234375 0.0126953125 0.0419921875
2 0.7828125 0.3578125 0.016015625 0.05
2 0.83515625 0.4234375 0.0142578125 0.0501953125
2 0.3703125 0.37265625 0.0158203125 0.0419921875
2 0.60078125 0.4125 0.0111328125 0.055859375
2 0.1734375 0.48671875 0.0154296875 0.0611328125
2 0.97734375 0.46640625 0.0203125 0.0548828125
2 0.84375 0.5265625 0.0189453125 0.0626953125
2 0.1859375 0.51328125 0.0154296875 0.0703125
2 0.38359375 0.578125 0.0294921875 0.0716796875
2 0.5859375 0.60234375 0.01875 0.0669921875
2 0.17890625 0.40703125 0.0203125 0.0484375
1 0.08828125 0.8828125 0.0328125 0.116015625
1 0.69921875 0.265625 0.0080078125 0.040625
2 0.82890625 0.36796875 0.0138671875 0.053125
2 0.821875 0.35546875 0.0125 0.0548828125
3 0.440625 0.40390625 0.0064453125 0.0138671875
2 0.365625 0.36484375 0.012109375 0.04375