1 0.6625 0.3546875 0.012109375 0.058984375
2 0.24375 0.40859375 0.012109375 0.0548828125
2 0.13671875 0.43203125 0.0125 0.0671875
2 0.33671875 0.46484375 0.0171875 0.0732421875
2 0.375 0.45703125 0.019140625 0.0640625
2 0.1453125 0.5734375 0.0216796875 0.0841796875
2 0.54765625 0.38828125 0.0205078125 0.0544921875
2 0.5890625 0.51484375 0.0154296875 0.06875
2 0.26796875 0.49609375 0.0142578125 0.0705078125
1 0.2 0.525 0.0154296875 0.0845703125
2 0.16484375 0.5953125 0.0171875 0.091015625
2 0.53046875 0.60390625 0.025 0.096875
2 0.87890625 0.67109375 0.0205078125 0.1017578125
2 0.71875 0.51953125 0.025390625 0.0830078125
2 0.59140625 0.953125 0.0234375 0.09375
2 0.49375 0.609375 0.0185546875 0.0876953125
2 0.04375 0.52421875 0.021875 0.0875
2 0.009375 0.81796875 0.01875 0.1140625
2 0.21328125 0.79296875 0.0205078125 0.1169921875
3 0.58828125 0.478125 0.0076171875 0.0126953125