2 0.38046875 0.309375 0.0201171875 0.0533203125
2 0.396875 0.3390625 0.0154296875 0.059375
2 0.25 0.259375 0.0125 0.049609375
2 0.58203125 0.28203125 0.0140625 0.0486328125
2 0.5609375 0.34921875 0.0283203125 0.0580078125
1 0.63359375 0.3109375 0.015625 0.05625
2 0.17578125 0.26328125 0.0171875 0.0486328125
2 0.6671875 0.37421875 0.0283203125 0.0580078125
2 0.29453125 0.25078125 0.0138671875 0.0455078125
2 0.33359375 0.25390625 0.0080078125 0.046875
2 0.9421875 0.44375 0.0248046875 0.075390625
2 0.23984375 0.32890625 0.0203125 0.0546875
2 0.8015625 0.5328125 0.0251953125 0.075
2 0.1953125 0.29609375 0.021875 0.0576171875
2 0.4921875 0.51328125 0.0404296875 0.075
2 0.90078125 0.45703125 0.0357421875 0.06875
2 0.971875 0.4109375 0.0154296875 0.0689453125
2 0.81796875 0.33671875 0.0142578125 0.0580078125
2 0.15859375 0.39921875 0.0140625 0.0701171875
2 0.11640625 0.353125 0.0201171875 0.0626953125
3 0.68515625 0.403125 0.00625 0.012109375
2 0.55390625 0.34609375 0.0171875 0.0580078125
1 0.22421875 0.19765625 0.0111328125 0.046875