2 0.4421875 0.3171875 0.015234375 0.028515625
2 0.27890625 0.41484375 0.0109375 0.0455078125
2 0.190625 0.42890625 0.012109375 0.0482421875
2 0.52265625 0.3671875 0.0111328125 0.040234375
2 0.59296875 0.36171875 0.0109375 0.040625
2 0.046875 0.52578125 0.012890625 0.0578125
2 0.68359375 0.45 0.015625 0.050390625
2 0.9640625 0.4703125 0.009765625 0.0560546875
2 0.18046875 0.459375 0.0109375 0.049609375
1 0.4140625 0.42578125 0.0185546875 0.0486328125
2 0.46171875 0.4140625 0.0107421875 0.046484375
2 0.7171875 0.43671875 0.0125 0.0486328125
2 0.9078125 0.5421875 0.015625 0.0689453125
2 0.44765625 0.57890625 0.0203125 0.0638671875
2 0.2609375 0.51015625 0.016015625 0.0580078125
2 0.93515625 0.54375 0.015625 0.062890625
2 0.55078125 0.56484375 0.0234375 0.0669921875
0 0.98671875 0.82734375 0.025 0.1
1 0.4984375 0.265625 0.0091796875 0.0310546875
2 0.37734375 0.35546875 0.0138671875 0.0421875
2 0.3671875 0.3515625 0.0154296875 0.034765625
2 0.32109375 0.3625 0.0140625 0.040625
2 0.3046875 0.3625 0.015234375 0.043359375
0 0.27421875 0.3484375 0.0107421875 0.04375