2 0.65078125 0.38984375 0.0138671875 0.0482421875
2 0.4296875 0.38203125 0.0064453125 0.0390625
2 0.225 0.39140625 0.0123046875 0.0515625
2 0.84921875 0.490625 0.0138671875 0.0625
2 0.76484375 0.41953125 0.0140625 0.0451171875
2 0.6875 0.4578125 0.0125 0.052734375
2 0.45078125 0.40625 0.0107421875 0.0466796875
2 0.63515625 0.4375 0.0107421875 0.053125
2 0.021875 0.5515625 0.015625 0.0685546875
2 0.3328125 0.44765625 0.0125 0.0576171875
2 0.85234375 0.53359375 0.015625 0.06875
2 0.7875 0.61015625 0.018359375 0.0673828125
0 0.0015625 0.42890625 0.003125 0.0546875
2 0.646875 0.575 0.0126953125 0.0626953125
2 0.30234375 0.4296875 0.0107421875 0.0498046875
2 0.6734375 0.5171875 0.0158203125 0.0595703125
2 0.871875 0.54765625 0.015625 0.06875
2 0.4484375 0.60625 0.0158203125 0.06875
1 0.53671875 0.490625 0.0138671875 0.0560546875
2 0.2484375 0.50859375 0.0126953125 0.065625
2 0.203125 0.71953125 0.021875 0.0857421875
1 0.8375 0.3734375 0.0126953125 0.0470703125
2 0.38359375 0.3609375 0.0138671875 0.0439453125
3 0.0390625 0.58046875 0.008984375 0.015625