2 0.22109375 0.25859375 0.0138671875 0.0359375
0 0.7015625 0.2609375 0.0126953125 0.052734375
2 0.3890625 0.20859375 0.015625 0.0419921875
2 0.25546875 0.27109375 0.0125 0.0419921875
2 0.66953125 0.34375 0.0140625 0.0626953125
2 0.35078125 0.30234375 0.0140625 0.0453125
2 0.49453125 0.2546875 0.01875 0.0533203125
2 0.55078125 0.32578125 0.015625 0.0548828125
2 0.04765625 0.2703125 0.0173828125 0.046484375
2 0.296875 0.31328125 0.0126953125 0.059375
2 0.7046875 0.371875 0.021875 0.0595703125
2 0.56015625 0.4375 0.0205078125 0.0685546875
2 0.06171875 0.49375 0.03125 0.0779296875
2 0.28125 0.51953125 0.019140625 0.071875
2 0.9328125 0.50078125 0.0185546875 0.0734375
1 0.403125 0.1546875 0.009375 0.04375
2 0.54375 0.26640625 0.012890625 0.0578125
2 0.5359375 0.25234375 0.015234375 0.0607421875
3 0.1234375 0.3046875 0.0064453125 0.015234375
2 0.0421875 0.2625 0.0123046875 0.0470703125