2 0.88828125 0.3703125 0.0171875 0.0533203125
2 0.32421875 0.4234375 0.0109375 0.058984375
2 0.165625 0.44375 0.012890625 0.05625
2 0.3328125 0.43125 0.0125 0.0560546875
2 0.784375 0.47265625 0.0125 0.0578125
2 0.9328125 0.41640625 0.0123046875 0.0515625
2 0.978125 0.40859375 0.0125 0.05625
2 0.0984375 0.5890625 0.01875 0.0841796875
2 0.6734375 0.65 0.0220703125 0.069140625
1 0.846875 0.40703125 0.0126953125 0.0548828125
2 0.903125 0.48203125 0.0126953125 0.059375
2 0.30546875 0.42109375 0.009375 0.0517578125
2 0.353125 0.5125 0.015625 0.0685546875
2 0.628125 0.46640625 0.0158203125 0.0671875
2 0.13671875 0.503125 0.0173828125 0.069140625
2 0.71796875 0.43125 0.0111328125 0.0560546875
2 0.596875 0.5125 0.0125 0.068359375
2 0.11328125 0.646875 0.0265625 0.0875
1 0.1390625 0.37109375 0.0123046875 0.0453125
2 0.98046875 0.378125 0.0111328125 0.0470703125
3 0.98828125 0.3921875 0.00625 0.0095703125