2 0.65234375 0.25546875 0.0109375 0.0486328125
2 0.68828125 0.30859375 0.0107421875 0.0486328125
2 0.7109375 0.36015625 0.0158203125 0.0576171875
2 0.4125 0.28671875 0.0123046875 0.0482421875
2 0.63203125 0.3203125 0.0138671875 0.052734375
2 0.39296875 0.28359375 0.009375 0.0515625
2 0.87890625 0.4 0.0111328125 0.0623046875
2 0.44296875 0.43046875 0.0140625 0.065625
2 0.68359375 0.409375 0.0111328125 0.0626953125
2 0.05234375 0.44296875 0.0125 0.0734375
2 0.42109375 0.421875 0.0125 0.065625
2 0.71953125 0.49140625 0.0111328125 0.0701171875
2 0.07578125 0.55546875 0.0125 0.0830078125
2 0.703125 0.5046875 0.0154296875 0.0779296875
2 0.96328125 0.48203125 0.0173828125 0.0673828125
1 0.01953125 0.796875 0.0201171875 0.1126953125
2 0.0984375 0.55546875 0.0189453125 0.0859375
0 0.7625 0.2546875 0.012890625 0.0498046875
2 0.66484375 0.2609375 0.0138671875 0.0498046875