2 0.5625 0.3671875 0.012109375 0.0404296875
2 0.2234375 0.41015625 0.008984375 0.053125
2 0.33984375 0.3828125 0.0107421875 0.0435546875
2 0.6 0.35546875 0.0126953125 0.0453125
2 0.5734375 0.4125 0.009765625 0.046875
2 0.7578125 0.36953125 0.0095703125 0.046875
2 0.28984375 0.43125 0.0109375 0.050390625
2 0.29375 0.4765625 0.0126953125 0.052734375
2 0.5515625 0.41953125 0.0095703125 0.0515625
0 0.884375 0.38828125 0.0126953125 0.0484375
2 0.35859375 0.421875 0.0138671875 0.053125
2 0.13125 0.4625 0.015625 0.059375
2 0.48984375 0.4015625 0.009375 0.047265625
1 0.45703125 0.45078125 0.0107421875 0.0580078125
2 0.846875 0.4953125 0.0095703125 0.065234375
2 0.0953125 0.525 0.015234375 0.0689453125
2 0.15859375 0.5734375 0.0173828125 0.0658203125
2 0.65390625 0.46796875 0.0142578125 0.0625
2 0.1375 0.5390625 0.018359375 0.071875
2 0.32578125 0.52890625 0.0111328125 0.0640625
2 0.490625 0.55 0.01875 0.0626953125
2 0.653125 0.58359375 0.0126953125 0.0705078125
3 0.7546875 0.390625 0.0060546875 0.012109375
1 0.12890625 0.36640625 0.0107421875 0.046875