2 0.1875 0.3921875 0.012890625 0.0439453125
1 0.26015625 0.38828125 0.0138671875 0.0390625
2 0.78125 0.43984375 0.0158203125 0.0419921875
2 0.05 0.48203125 0.012890625 0.0513671875
2 0.703125 0.39375 0.019140625 0.0439453125
2 0.0578125 0.5125 0.015234375 0.0501953125
2 0.24765625 0.4078125 0.0138671875 0.0439453125
2 0.378125 0.39765625 0.012109375 0.0423828125
2 0.13828125 0.42734375 0.0109375 0.0517578125
2 0.31875 0.45234375 0.012890625 0.0484375
2 0.4859375 0.44609375 0.009375 0.0453125
2 0.52109375 0.4265625 0.015625 0.0501953125
2 0.203125 0.478125 0.015625 0.055859375
2 0.7 0.4546875 0.0189453125 0.0501953125
2 0.30078125 0.575 0.0201171875 0.0626953125
2 0.83671875 0.48984375 0.0171875 0.0609375
2 0.80859375 0.53203125 0.0205078125 0.0669921875
2 0.7828125 0.3953125 0.015234375 0.046875
1 0.7671875 0.33359375 0.009765625 0.0357421875
2 0.68515625 0.38359375 0.015625 0.0453125
2 0.13828125 0.40234375 0.0109375 0.0421875
3 0.18671875 0.409375 0.0048828125 0.0095703125
2 0.671875 0.38046875 0.0154296875 0.0451171875