2 0.4171875 0.49140625 0.0126953125 0.0390625
2 0.178125 0.45234375 0.0091796875 0.0419921875
2 0.25859375 0.5859375 0.0140625 0.046875
2 0.16328125 0.46796875 0.0107421875 0.040625
2 0.2546875 0.54453125 0.0095703125 0.0455078125
2 0.4859375 0.51328125 0.009765625 0.05
1 0.315625 0.52421875 0.0125 0.0515625
2 0.2515625 0.6234375 0.009765625 0.065625
2 0.51015625 0.5640625 0.0173828125 0.046875
2 0.4875 0.56796875 0.0125 0.0515625
2 0.7703125 0.6015625 0.0123046875 0.0564453125
0 0.88515625 0.5265625 0.0138671875 0.0529296875
2 0.1078125 0.63515625 0.0125 0.0638671875
2 0.140625 0.5296875 0.0095703125 0.052734375
2 0.05078125 0.678125 0.0203125 0.071875
2 0.27578125 0.7984375 0.0171875 0.072265625
2 0.11328125 0.73671875 0.0171875 0.0734375
2 0.6609375 0.50390625 0.009375 0.0486328125
2 0.51953125 0.67109375 0.0171875 0.065625
2 0.6203125 0.7875 0.0248046875 0.0748046875
3 0.69765625 0.5734375 0.0078125 0.015234375
1 0.56953125 0.3921875 0.009375 0.0341796875
2 0.42578125 0.42578125 0.0107421875 0.0390625
2 0.3609375 0.465625 0.0123046875 0.0439453125