1 0.75 0.34453125 0.0095703125 0.0544921875
2 0.3609375 0.39453125 0.0095703125 0.0515625
2 0.2609375 0.41640625 0.0123046875 0.0625
2 0.446875 0.446875 0.0158203125 0.068359375
2 0.4828125 0.43984375 0.01875 0.059375
2 0.26875 0.54765625 0.0189453125 0.0767578125
2 0.64296875 0.37578125 0.0201171875 0.05
2 0.68203125 0.49296875 0.0138671875 0.0640625
2 0.38359375 0.47578125 0.0138671875 0.0669921875
1 0.3203125 0.503125 0.015234375 0.0783203125
2 0.2875 0.56796875 0.0158203125 0.0859375
2 0.62734375 0.57578125 0.0234375 0.0892578125
2 0.95078125 0.6390625 0.0201171875 0.0939453125
2 0.09765625 0.628125 0.021875 0.099609375
2 0.80234375 0.49765625 0.0236328125 0.0767578125
2 0.68359375 0.91875 0.021875 0.121875
2 0.59296875 0.58125 0.0169921875 0.0814453125
2 0.17421875 0.5015625 0.0203125 0.08125
2 0.071875 0.59765625 0.0220703125 0.0921875
2 0.13671875 0.77578125 0.0267578125 0.10625
2 0.3328125 0.7515625 0.0189453125 0.1091796875
2 0.05703125 0.721875 0.0234375 0.1033203125
3 0.68125 0.45859375 0.00625 0.0125