2 0.1640625 0.4171875 0.016015625 0.053125
2 0.2921875 0.23203125 0.009765625 0.0421875
2 0.1765625 0.44921875 0.0220703125 0.0580078125
2 0.275 0.2546875 0.012109375 0.0435546875
2 0.03828125 0.375 0.0138671875 0.05625
2 0.046875 0.26640625 0.0095703125 0.0517578125
3 0.68203125 0.75 0.0078125 0.0158203125
2 0.078125 0.58671875 0.0283203125 0.06875
2 0.0609375 0.3578125 0.015625 0.0595703125
2 0.9203125 0.478125 0.0279296875 0.069140625
2 0.26640625 0.31328125 0.0109375 0.05625
2 0.49921875 0.26875 0.0125 0.05625
2 0.6921875 0.696875 0.0408203125 0.087890625
0 0.81640625 0.3140625 0.0169921875 0.059765625
2 0.61640625 0.65546875 0.0263671875 0.0828125
2 0.46328125 0.37578125 0.0138671875 0.0671875
2 0.44296875 0.35546875 0.0138671875 0.0607421875
2 0.72421875 0.45390625 0.0298828125 0.0794921875
2 0.0703125 0.55625 0.0345703125 0.055859375