2 0.26015625 0.50234375 0.0173828125 0.0419921875
2 0.43359375 0.4359375 0.0107421875 0.0373046875
2 0.2375 0.5140625 0.012890625 0.0435546875
1 0.390625 0.52421875 0.009375 0.0482421875
2 0.153125 0.52421875 0.009375 0.0451171875
2 0.415625 0.44765625 0.0123046875 0.0392578125
2 0.39296875 0.54453125 0.0109375 0.0486328125
2 0.05 0.59453125 0.0125 0.0515625
2 0.65078125 0.46484375 0.0078125 0.04375
2 0.08203125 0.56953125 0.0140625 0.0544921875
2 0.61328125 0.46171875 0.009375 0.0419921875
2 0.92734375 0.70546875 0.0111328125 0.0765625
2 0.2015625 0.6078125 0.015234375 0.058984375
2 0.9453125 0.5828125 0.0154296875 0.058984375
2 0.59609375 0.57109375 0.0109375 0.0578125
2 0.4328125 0.6484375 0.0154296875 0.065234375
2 0.9515625 0.715625 0.015234375 0.075
2 0.403125 0.64609375 0.01875 0.0578125
2 0.5796875 0.58203125 0.0125 0.05625
1 0.98671875 0.91171875 0.0169921875 0.1013671875
2 0.25390625 0.490625 0.009375 0.04375
0 0.32265625 0.44765625 0.0173828125 0.0375
2 0.42578125 0.44765625 0.009375 0.040625
1 0.52734375 0.36015625 0.0078125 0.03125