2 0.56328125 0.38984375 0.0078125 0.0361328125
2 0.328125 0.41328125 0.0125 0.0390625
2 0.30703125 0.4109375 0.0125 0.0376953125
2 0.6015625 0.3921875 0.0064453125 0.0376953125
2 0.6375 0.44921875 0.0095703125 0.0419921875
2 0.509375 0.440625 0.0123046875 0.0466796875
2 0.85 0.540625 0.01875 0.0466796875
1 0.5640625 0.47265625 0.009375 0.046875
2 0.33515625 0.53046875 0.0125 0.0546875
2 0.10859375 0.5359375 0.0109375 0.0595703125
2 0.56640625 0.53125 0.0125 0.053125
2 0.34921875 0.53671875 0.0169921875 0.053125
2 0.09296875 0.61015625 0.0140625 0.0640625
2 0.10625 0.6 0.0154296875 0.06875
1 0.06796875 0.809375 0.0142578125 0.090625
2 0.703125 0.5109375 0.0095703125 0.0501953125
2 0.54296875 0.6140625 0.0142578125 0.066015625
2 0.5890625 0.59921875 0.0185546875 0.0576171875
2 0.7796875 0.590625 0.021875 0.062109375
1 0.4609375 0.3125 0.00625 0.0248046875
2 0.93359375 0.52421875 0.0111328125 0.0513671875
2 0.94375 0.53125 0.015625 0.0373046875
3 0.95390625 0.55078125 0.0046875 0.0078125
0 0.66484375 0.3828125 0.0125 0.0435546875