2 0.5171875 0.42578125 0.0123046875 0.034375
2 0.5515625 0.45625 0.0125 0.043359375
2 0.33359375 0.47734375 0.009375 0.0419921875
2 0.2109375 0.46171875 0.0095703125 0.04375
0 0.85234375 0.484375 0.009375 0.0470703125
2 0.8671875 0.5453125 0.0123046875 0.0408203125
2 0.31953125 0.53125 0.0107421875 0.049609375
2 0.515625 0.4953125 0.009375 0.0439453125
2 0.6859375 0.4359375 0.008984375 0.0404296875
2 0.184375 0.55546875 0.012890625 0.0513671875
2 0.6046875 0.53203125 0.015234375 0.0482421875
1 0.459375 0.46484375 0.009375 0.0419921875
2 0.26796875 0.5171875 0.0076171875 0.046875
2 0.71328125 0.68046875 0.009375 0.0611328125
2 0.66640625 0.59375 0.009375 0.0560546875
2 0.22890625 0.64765625 0.0111328125 0.0611328125
2 0.3828125 0.69765625 0.015234375 0.0642578125
2 0.08671875 0.59296875 0.0125 0.0609375
1 0.08125 0.7765625 0.01875 0.077734375
3 0.853125 0.5671875 0.0091796875 0.015234375
1 0.6140625 0.35234375 0.0064453125 0.0265625
2 0.5 0.3859375 0.012109375 0.0341796875
2 0.44140625 0.409375 0.009375 0.0375
2 0.2625 0.40703125 0.009375 0.0361328125
2 0.26796875 0.4140625 0.0078125 0.034375