3 0.6 0.43046875 0.00625 0.0109375
2 0.37578125 0.3140625 0.0109375 0.0470703125
2 0.240625 0.3484375 0.0154296875 0.053125
2 0.3390625 0.3078125 0.009765625 0.0466796875
2 0.253125 0.328125 0.012109375 0.0498046875
2 0.496875 0.38515625 0.0185546875 0.059375
2 0.6296875 0.35859375 0.0189453125 0.053125
2 0.44765625 0.325 0.0140625 0.053125
2 0.58515625 0.40390625 0.0203125 0.0513671875
2 0.40703125 0.3921875 0.0142578125 0.0560546875
2 0.35 0.41328125 0.019140625 0.059375
2 0.8578125 0.39765625 0.0185546875 0.0640625
2 0.19765625 0.396875 0.0111328125 0.0625
2 0.4296875 0.353125 0.0158203125 0.0591796875
2 0.48984375 0.590625 0.0232421875 0.0748046875
2 0.20703125 0.4390625 0.01875 0.0689453125
2 0.31328125 0.3828125 0.0171875 0.0591796875
1 0.54140625 0.403125 0.0265625 0.0560546875
2 0.89296875 0.5453125 0.028125 0.0779296875
2 0.65546875 0.56484375 0.0326171875 0.0734375
2 0.9703125 0.50625 0.028125 0.071875
2 0.25078125 0.53125 0.028125 0.0689453125
1 0.32734375 0.265625 0.0125 0.04375