2 0.23984375 0.47421875 0.0109375 0.0513671875
2 0.5703125 0.50859375 0.016015625 0.0548828125
2 0.6 0.5046875 0.0185546875 0.0533203125
2 0.184375 0.47890625 0.0095703125 0.0544921875
2 0.134375 0.5578125 0.0154296875 0.058984375
2 0.315625 0.54609375 0.0158203125 0.0642578125
1 0.2375 0.59140625 0.0126953125 0.0669921875
2 0.56015625 0.67265625 0.0173828125 0.0767578125
2 0.87890625 0.68046875 0.015625 0.084375
2 0.23515625 0.67421875 0.0171875 0.0736328125
2 0.53984375 0.68125 0.0232421875 0.0748046875
2 0.90078125 0.78515625 0.0201171875 0.0892578125
2 0.88203125 0.77109375 0.0205078125 0.096875
2 0.0421875 0.6453125 0.015234375 0.071875
2 0.26796875 0.78984375 0.0205078125 0.09375
2 0.203125 0.76953125 0.0251953125 0.0798828125
1 0.38359375 0.36640625 0.0080078125 0.034375
0 0.09609375 0.465625 0.0171875 0.062109375