2 0.6125 0.271875 0.012890625 0.0375
3 0.90625 0.36171875 0.009375 0.0142578125
2 0.6078125 0.321875 0.022265625 0.059375
2 0.1109375 0.28984375 0.016015625 0.0578125
2 0.30234375 0.34609375 0.0173828125 0.0544921875
2 0.56328125 0.26953125 0.0140625 0.0638671875
2 0.55546875 0.340625 0.0203125 0.0751953125
2 0.1328125 0.28984375 0.0154296875 0.0669921875
2 0.05078125 0.3984375 0.0205078125 0.078515625
2 0.24140625 0.325 0.0140625 0.0658203125
2 0.03125 0.41484375 0.012890625 0.078125
2 0.1859375 0.3203125 0.01875 0.0751953125
2 0.096875 0.3078125 0.0154296875 0.0748046875
2 0.4546875 0.3828125 0.027734375 0.083984375
2 0.95859375 0.340625 0.0173828125 0.0751953125
2 0.5015625 0.51796875 0.021484375 0.0923828125
2 0.62265625 0.45234375 0.0267578125 0.0830078125
1 0.8 0.9625 0.030859375 0.0748046875
1 0.2671875 0.3984375 0.0189453125 0.08125
2 0.640625 0.59765625 0.0314453125 0.0955078125
1 0.21796875 0.17578125 0.0138671875 0.0576171875
2 0.2140625 0.2375 0.022265625 0.0654296875
2 0.05 0.36875 0.019140625 0.080859375
2 0.3015625 0.3265625 0.0158203125 0.071484375