2 0.51171875 0.34609375 0.0111328125 0.0423828125
2 0.396875 0.33125 0.0123046875 0.037890625
1 0.73828125 0.325 0.009375 0.0408203125
2 0.409375 0.3578125 0.0095703125 0.041015625
2 0.37578125 0.3546875 0.0111328125 0.0408203125
2 0.45859375 0.33671875 0.0109375 0.0375
2 0.65078125 0.353125 0.0109375 0.0408203125
2 0.484375 0.3703125 0.012890625 0.040625
1 0.3953125 0.40234375 0.009765625 0.0578125
2 0.25 0.37109375 0.0126953125 0.0515625
2 0.296875 0.409375 0.012890625 0.0501953125
2 0.19140625 0.4421875 0.0142578125 0.0595703125
2 0.60625 0.38828125 0.0123046875 0.053125
2 0.27421875 0.409375 0.0140625 0.053125
2 0.565625 0.76015625 0.019140625 0.0919921875
2 0.1375 0.5265625 0.0185546875 0.0685546875
2 0.51328125 0.465625 0.0140625 0.056640625
2 0.82890625 0.52734375 0.0142578125 0.0705078125
2 0.1671875 0.525 0.028125 0.0748046875
2 0.21640625 0.72265625 0.015625 0.0861328125
2 0.76015625 0.40859375 0.0109375 0.059375
2 0.35390625 0.5265625 0.0203125 0.065625
3 0.421875 0.365625 0.0060546875 0.0095703125