2 0.28828125 0.3578125 0.0111328125 0.041015625
2 0.48359375 0.35078125 0.00625 0.034375
2 0.66328125 0.359375 0.0107421875 0.044140625
2 0.1140625 0.446875 0.0123046875 0.055859375
2 0.1875 0.384375 0.0125 0.037890625
2 0.25625 0.41796875 0.012109375 0.0453125
2 0.4640625 0.371875 0.009375 0.040625
2 0.30234375 0.39921875 0.009375 0.046875
2 0.84140625 0.5 0.0140625 0.059375
2 0.56796875 0.40859375 0.0109375 0.05
2 0.11171875 0.484375 0.0140625 0.062109375
2 0.16796875 0.5515625 0.0142578125 0.059375
0 0.8640625 0.3921875 0.009765625 0.047265625
2 0.29140625 0.52109375 0.0111328125 0.0548828125
2 0.5953125 0.39296875 0.0091796875 0.0423828125
2 0.26875 0.46953125 0.0154296875 0.053125
2 0.09375 0.496875 0.012890625 0.062109375
2 0.46640625 0.5484375 0.0142578125 0.059765625
1 0.3890625 0.446875 0.0123046875 0.0498046875
2 0.64296875 0.4625 0.0111328125 0.056640625
2 0.68203125 0.6484375 0.0201171875 0.075
1 0.12421875 0.34296875 0.0111328125 0.0421875
2 0.5234375 0.33203125 0.0123046875 0.0390625
3 0.82734375 0.52578125 0.0076171875 0.0138671875