2 0.615625 0.3453125 0.0125 0.0341796875
2 0.4203125 0.3734375 0.0095703125 0.046484375
2 0.69765625 0.38046875 0.0111328125 0.0419921875
2 0.4359375 0.390625 0.0095703125 0.049609375
2 0.434375 0.4328125 0.0091796875 0.0498046875
2 0.47578125 0.44765625 0.0201171875 0.05625
2 0.4671875 0.49375 0.0158203125 0.059375
2 0.3375 0.5109375 0.0154296875 0.0591796875
2 0.715625 0.41953125 0.012890625 0.0484375
2 0.4171875 0.46796875 0.0216796875 0.0580078125
1 0.5046875 0.47421875 0.0125 0.0578125
0 0.93828125 0.434375 0.0125 0.050390625
0 0.06796875 0.428125 0.0169921875 0.0591796875
2 0.6359375 0.5328125 0.0125 0.0623046875
1 0.89296875 0.875 0.0298828125 0.106640625
2 0.84921875 0.5984375 0.0142578125 0.071875
3 0.93203125 0.45078125 0.0048828125 0.0109375
2 0.6953125 0.359375 0.0095703125 0.037890625
2 0.39921875 0.42109375 0.0125 0.0513671875
2 0.37578125 0.41484375 0.0125 0.0421875
2 0.390625 0.41640625 0.012109375 0.0513671875
2 0.38359375 0.4 0.0107421875 0.0466796875
2 0.37421875 0.46171875 0.0142578125 0.0515625
2 0.36640625 0.45234375 0.0107421875 0.0455078125
2 0.3640625 0.43203125 0.0095703125 0.0423828125
1 0.44453125 0.3234375 0.0078125 0.0314453125