2 0.6296875 0.15703125 0.015625 0.0548828125
2 0.778125 0.1375 0.015625 0.0501953125
1 0.33828125 0.12890625 0.0125 0.053125
2 0.76171875 0.171875 0.0125 0.055859375
2 0.8046875 0.16796875 0.015625 0.053125
2 0.6984375 0.1453125 0.015234375 0.047265625
2 0.45078125 0.165625 0.0140625 0.053125
2 0.66484375 0.1875 0.0173828125 0.050390625
1 0.78046875 0.2296875 0.0140625 0.075
2 0.9671875 0.1890625 0.016015625 0.0658203125
2 0.90703125 0.23828125 0.0173828125 0.0642578125
2 0.5078125 0.2109375 0.015625 0.06875
2 0.9359375 0.23828125 0.0185546875 0.06875
2 0.5609375 0.690625 0.027734375 0.1185546875
2 0.62890625 0.31015625 0.0173828125 0.075
2 0.22109375 0.38984375 0.01875 0.0919921875
2 0.309375 0.2375 0.012890625 0.0751953125
2 0.83359375 0.3890625 0.0263671875 0.084375
3 0.74609375 0.18203125 0.0076171875 0.0138671875