2 0.703125 0.3359375 0.0095703125 0.0279296875
3 0.91796875 0.4015625 0.0076171875 0.009765625
2 0.69921875 0.37265625 0.0171875 0.04375
2 0.3359375 0.34921875 0.0125 0.0421875
2 0.47578125 0.390625 0.0138671875 0.0404296875
2 0.6671875 0.334375 0.009765625 0.0466796875
2 0.66171875 0.38671875 0.0142578125 0.0548828125
2 0.35234375 0.34921875 0.0109375 0.0484375
2 0.2921875 0.42890625 0.015625 0.0580078125
2 0.43125 0.375 0.012109375 0.049609375
2 0.278125 0.440625 0.012109375 0.0564453125
2 0.390625 0.371875 0.012890625 0.0560546875
2 0.32578125 0.3625 0.0109375 0.055859375
2 0.04140625 0.3703125 0.0109375 0.0564453125
2 0.5875 0.4171875 0.0189453125 0.0595703125
2 0.95625 0.38671875 0.0126953125 0.0548828125
2 0.621875 0.51640625 0.0154296875 0.0673828125
2 0.71015625 0.46875 0.0203125 0.062109375
1 0.83984375 0.86875 0.021875 0.1091796875
1 0.45078125 0.42890625 0.0140625 0.059375
2 0.7234375 0.57421875 0.022265625 0.0703125
1 0.4140625 0.265625 0.009375 0.0408203125
2 0.41171875 0.3109375 0.0171875 0.0470703125
2 0.29140625 0.40703125 0.0142578125 0.0580078125
2 0.475 0.37578125 0.0125 0.0515625