2 0.25234375 0.309375 0.0173828125 0.0560546875
2 0.38515625 0.1171875 0.0109375 0.04375
2 0.265625 0.34296875 0.024609375 0.0609375
2 0.3671875 0.13984375 0.009765625 0.0453125
2 0.121875 0.265625 0.012890625 0.056640625
2 0.13046875 0.153125 0.0107421875 0.0533203125
3 0.790625 0.65546875 0.006640625 0.0171875
2 0.16328125 0.48515625 0.0296875 0.0705078125
2 0.1453125 0.24765625 0.0158203125 0.0625
2 0.35859375 0.20078125 0.0109375 0.0578125
2 0.6 0.1546875 0.0125 0.058984375
2 0.80078125 0.60078125 0.0423828125 0.0923828125
0 0.9296875 0.20234375 0.016015625 0.0638671875
2 0.72265625 0.5578125 0.0265625 0.084765625
2 0.56328125 0.26640625 0.0138671875 0.0703125
2 0.54140625 0.2453125 0.0138671875 0.0625
2 0.834375 0.34765625 0.03125 0.0826171875
2 0.1546875 0.45390625 0.0373046875 0.0576171875