2 0.67421875 0.27265625 0.0169921875 0.053125
1 0.5875 0.26796875 0.015625 0.0455078125
2 0.83828125 0.3796875 0.0171875 0.059765625
2 0.0578125 0.2734375 0.0248046875 0.053125
2 0.82890625 0.415625 0.0169921875 0.062109375
2 0.60234375 0.290625 0.015625 0.053125
2 0.44609375 0.278125 0.0125 0.050390625
2 0.73359375 0.3140625 0.0125 0.0625
2 0.5171875 0.34375 0.0158203125 0.056640625
2 0.3171875 0.33671875 0.009765625 0.0544921875
2 0.27578125 0.31328125 0.01875 0.0609375
2 0.65546875 0.375 0.01875 0.0654296875
2 0.06171875 0.346875 0.0234375 0.062109375
2 0.5390625 0.48984375 0.022265625 0.0763671875
0 0.9515625 0.290625 0.015625 0.050390625
2 0.0796875 0.26171875 0.01875 0.0544921875
2 0.7328125 0.284375 0.0126953125 0.05
3 0.675 0.2921875 0.0064453125 0.0123046875
2 0.09453125 0.2578125 0.0173828125 0.053125