2 0.68984375 0.38984375 0.0205078125 0.05
2 0.4796875 0.309375 0.0125 0.0439453125
2 0.7171875 0.40390625 0.0158203125 0.0515625
1 0.53203125 0.415625 0.0109375 0.056640625
2 0.81875 0.41640625 0.012109375 0.0544921875
2 0.50234375 0.3234375 0.0140625 0.0470703125
2 0.5296875 0.44140625 0.0126953125 0.0580078125
2 0.94375 0.50078125 0.0154296875 0.0625
2 0.21796875 0.34453125 0.0080078125 0.053125
2 0.9046875 0.47109375 0.0158203125 0.0642578125
2 0.2625 0.340625 0.0123046875 0.05
2 0.76015625 0.51640625 0.0169921875 0.0703125
2 0.28359375 0.47265625 0.0138671875 0.0703125
2 0.48125 0.565625 0.0185546875 0.0779296875
2 0.5171875 0.56328125 0.0220703125 0.0703125
2 0.30390625 0.4859375 0.0142578125 0.066015625
2 0.69609375 0.375 0.0111328125 0.053125
0 0.61328125 0.3234375 0.0205078125 0.046484375
2 0.48984375 0.3234375 0.0111328125 0.0498046875
1 0.36640625 0.21875 0.009375 0.0376953125