3 0.62734375 0.48828125 0.0078125 0.0140625
2 0.3375 0.33828125 0.012890625 0.0609375
2 0.1640625 0.3828125 0.0189453125 0.06875
2 0.290625 0.33046875 0.012890625 0.0607421875
2 0.1796875 0.35625 0.015234375 0.0626953125
2 0.49375 0.4296875 0.0220703125 0.077734375
2 0.66484375 0.3953125 0.025 0.06875
2 0.43046875 0.35234375 0.0173828125 0.06875
2 0.6078125 0.45390625 0.0251953125 0.0642578125
2 0.378125 0.4390625 0.0189453125 0.0716796875
2 0.3046875 0.465625 0.0251953125 0.075390625
2 0.95859375 0.44609375 0.0234375 0.0828125
2 0.1078125 0.44453125 0.0154296875 0.0798828125
2 0.40703125 0.3890625 0.0205078125 0.075
2 0.484375 0.69375 0.030859375 0.094140625
2 0.1203125 0.4984375 0.0248046875 0.090234375
2 0.25703125 0.4265625 0.021875 0.075
1 0.55078125 0.453125 0.034375 0.0716796875
2 0.99296875 0.63515625 0.0140625 0.0984375
2 0.6984375 0.66171875 0.040625 0.0951171875
2 0.1765625 0.61796875 0.034765625 0.0890625
1 0.27578125 0.27578125 0.015625 0.05625