2 0.30546875 0.4375 0.00625 0.03125
2 0.5671875 0.43359375 0.0060546875 0.0296875
2 0.56640625 0.4734375 0.0076171875 0.034375
2 0.4671875 0.440625 0.0060546875 0.0314453125
2 0.25078125 0.546875 0.0138671875 0.0408203125
2 0.70234375 0.46953125 0.0080078125 0.034375
2 0.2203125 0.47734375 0.0091796875 0.0390625
2 0.89296875 0.55703125 0.0080078125 0.04375
2 0.62265625 0.4890625 0.0078125 0.0376953125
2 0.37734375 0.515625 0.0080078125 0.0408203125
1 0.04296875 0.784375 0.0263671875 0.0716796875
2 0.7828125 0.6 0.0095703125 0.0435546875
1 0.58125 0.5171875 0.0123046875 0.040234375
2 0.065625 0.6171875 0.0095703125 0.053515625
0 0.87265625 0.528125 0.0140625 0.0375
2 0.5234375 0.50625 0.008984375 0.0376953125
2 0.6 0.57890625 0.006640625 0.0482421875
2 0.12265625 0.609375 0.0203125 0.0501953125
2 0.3390625 0.55859375 0.009375 0.0455078125
2 0.37734375 0.715625 0.01875 0.0564453125
2 0.78125 0.6875 0.0125 0.0564453125
2 0.23515625 0.690625 0.0142578125 0.0626953125
2 0.29140625 0.4375 0.0076171875 0.0341796875
3 0.8734375 0.528125 0.0060546875 0.0095703125