2 0.534375 0.3703125 0.012890625 0.0435546875
2 0.7015625 0.396875 0.015234375 0.053125
2 0.54140625 0.409375 0.0111328125 0.05
2 0.84140625 0.38984375 0.0169921875 0.046875
2 0.3875 0.36484375 0.0095703125 0.046875
2 0.3953125 0.4046875 0.0095703125 0.0529296875
2 0.49375 0.53046875 0.0126953125 0.0642578125
2 0.2671875 0.41796875 0.016015625 0.059375
2 0.82890625 0.46328125 0.0203125 0.0580078125
2 0.81953125 0.4375 0.0138671875 0.05625
2 0.57890625 0.44296875 0.01875 0.05
2 0.36640625 0.4453125 0.0109375 0.0560546875
2 0.33125 0.4265625 0.0125 0.0529296875
2 0.49140625 0.58359375 0.0232421875 0.0642578125
2 0.234375 0.43828125 0.0126953125 0.0576171875
2 0.89296875 0.52421875 0.0201171875 0.0703125
2 0.16171875 0.55 0.0138671875 0.068359375
2 0.96796875 0.4921875 0.0173828125 0.065625
1 0.328125 0.490625 0.0154296875 0.0654296875
2 0.1125 0.6453125 0.025390625 0.0810546875
3 0.56640625 0.4109375 0.0076171875 0.0126953125
2 0.2625 0.3984375 0.012109375 0.053125
1 0.38046875 0.29375 0.0109375 0.0404296875