2 0.4390625 0.36875 0.0126953125 0.0373046875
2 0.75859375 0.40859375 0.0111328125 0.04375
2 0.4125 0.38203125 0.0095703125 0.0423828125
2 0.2859375 0.4703125 0.015234375 0.052734375
2 0.89375 0.5703125 0.012890625 0.0654296875
2 0.90078125 0.53984375 0.015625 0.0638671875
2 0.121875 0.5546875 0.0185546875 0.052734375
2 0.37421875 0.396875 0.009375 0.0466796875
2 0.06796875 0.58671875 0.0205078125 0.0642578125
2 0.51484375 0.4296875 0.0107421875 0.0466796875
2 0.68046875 0.54140625 0.0111328125 0.0642578125
2 0.29921875 0.5484375 0.015625 0.0591796875
2 0.684375 0.39765625 0.0064453125 0.0453125
2 0.20078125 0.615625 0.0171875 0.0623046875
1 0.43828125 0.47109375 0.0140625 0.053125
2 0.86953125 0.58828125 0.0140625 0.0669921875
2 0.39921875 0.565625 0.0111328125 0.0626953125
1 0.93203125 0.8234375 0.025 0.096484375
2 0.66640625 0.55390625 0.021875 0.0607421875
2 0.41484375 0.6203125 0.0205078125 0.0654296875
2 0.2234375 0.615625 0.015234375 0.0626953125
2 0.4625 0.65078125 0.01875 0.0763671875
0 0.25078125 0.36640625 0.0111328125 0.0453125
3 0.07578125 0.565625 0.00625 0.012109375
1 0.53515625 0.2875 0.0080078125 0.0314453125