0 0.009375 0.47890625 0.0185546875 0.0517578125
2 0.56796875 0.44765625 0.0138671875 0.0419921875
2 0.7296875 0.47421875 0.0126953125 0.0515625
2 0.57421875 0.4859375 0.0111328125 0.047265625
2 0.86484375 0.4671875 0.015625 0.046484375
2 0.425 0.44296875 0.009375 0.0453125
2 0.4328125 0.48203125 0.009375 0.0513671875
2 0.528125 0.603125 0.0125 0.0625
2 0.3078125 0.49453125 0.0158203125 0.0578125
2 0.85390625 0.53828125 0.0201171875 0.0576171875
2 0.84453125 0.51328125 0.0138671875 0.0546875
2 0.6109375 0.51796875 0.0185546875 0.0484375
2 0.4046875 0.52109375 0.009765625 0.0544921875
2 0.3703125 0.503125 0.0123046875 0.0501953125
2 0.52578125 0.6546875 0.021875 0.0625
2 0.27578125 0.51328125 0.0138671875 0.0548828125
2 0.915625 0.59765625 0.01875 0.0673828125
2 0.20546875 0.62265625 0.0138671875 0.0642578125
2 0.98828125 0.56640625 0.0171875 0.0640625
1 0.3671875 0.56484375 0.015234375 0.0625
2 0.1578125 0.71484375 0.0251953125 0.078125
3 0.5984375 0.4875 0.0064453125 0.0126953125
2 0.303125 0.475 0.012109375 0.050390625
1 0.41796875 0.37421875 0.0109375 0.0388671875