2 0.49296875 0.3109375 0.0142578125 0.04375
2 0.6390625 0.3703125 0.0123046875 0.0466796875
2 0.64765625 0.3953125 0.0111328125 0.0408203125
2 0.6796875 0.36484375 0.009765625 0.0486328125
2 0.5 0.35078125 0.0126953125 0.05
2 0.234375 0.33671875 0.0123046875 0.0451171875
2 0.6296875 0.30703125 0.009375 0.0451171875
0 0.83828125 0.3578125 0.0109375 0.05
2 0.04453125 0.42109375 0.0107421875 0.053125
2 0.7359375 0.4078125 0.0123046875 0.0560546875
2 0.7140625 0.396875 0.0123046875 0.0560546875
2 0.30078125 0.32421875 0.009375 0.0455078125
2 0.3578125 0.39296875 0.015625 0.0546875
1 0.45625 0.34375 0.0158203125 0.0470703125
2 0.81484375 0.4453125 0.0142578125 0.0685546875
2 0.57734375 0.32890625 0.0111328125 0.0486328125
2 0.27734375 0.4234375 0.0169921875 0.053515625
2 0.05 0.45703125 0.0154296875 0.0607421875
2 0.3734375 0.5609375 0.03125 0.06875
2 0.66640625 0.42578125 0.0201171875 0.0576171875
2 0.496875 0.29296875 0.0095703125 0.0388671875