2 0.57734375 0.359375 0.0138671875 0.0279296875
2 0.73046875 0.45078125 0.0107421875 0.0423828125
2 0.81328125 0.4640625 0.0107421875 0.0439453125
2 0.50234375 0.40625 0.0109375 0.0373046875
2 0.4359375 0.4015625 0.0095703125 0.0376953125
2 0.94765625 0.5546875 0.0138671875 0.0533203125
2 0.35078125 0.48359375 0.0142578125 0.0484375
2 0.0890625 0.50234375 0.0095703125 0.0517578125
2 0.821875 0.4921875 0.0095703125 0.046484375
1 0.60390625 0.4609375 0.0171875 0.0466796875
2 0.55859375 0.45078125 0.009375 0.0421875
2 0.3203125 0.47109375 0.0123046875 0.0455078125
2 0.14140625 0.56953125 0.0142578125 0.0642578125
2 0.571875 0.60390625 0.0189453125 0.0580078125
2 0.746875 0.540625 0.0158203125 0.055859375
2 0.11640625 0.57109375 0.0140625 0.0607421875
2 0.47578125 0.590625 0.021875 0.0623046875
0 0.0671875 0.83671875 0.022265625 0.0923828125
1 0.52421875 0.31171875 0.0078125 0.028125
2 0.63828125 0.3953125 0.0125 0.040234375
2 0.64765625 0.3921875 0.0140625 0.0341796875
2 0.690625 0.4015625 0.0126953125 0.0376953125
2 0.70546875 0.4015625 0.0138671875 0.040234375
0 0.73515625 0.3890625 0.009375 0.0408203125