3 0.68125 0.4609375 0.00625 0.0123046875
2 0.30234375 0.24609375 0.0080078125 0.040625
2 0.4046875 0.3515625 0.015234375 0.05625
2 0.53046875 0.3140625 0.0109375 0.0498046875
2 0.25078125 0.315625 0.0107421875 0.0498046875
2 0.68046875 0.27578125 0.0142578125 0.0484375
2 0.72265625 0.4875 0.0296875 0.068359375
2 0.2734375 0.409375 0.015234375 0.06875
2 0.6953125 0.4375 0.0185546875 0.0625
2 0.46953125 0.42421875 0.015625 0.0642578125
1 0.34296875 0.4609375 0.0140625 0.0748046875
2 0.75078125 0.3890625 0.0173828125 0.0625
2 0.5078125 0.36875 0.0189453125 0.0564453125
2 0.965625 0.4265625 0.0154296875 0.071484375
2 0.1765625 0.41328125 0.015234375 0.071875
2 0.11953125 0.56171875 0.0234375 0.0919921875
2 0.7765625 0.4984375 0.0310546875 0.075
2 0.52578125 0.553125 0.0173828125 0.0873046875
2 0.3234375 0.68515625 0.0345703125 0.10625
2 0.4984375 0.7859375 0.034375 0.115625
2 0.17890625 0.7078125 0.03125 0.1033203125
2 0.61328125 0.56796875 0.0265625 0.0888671875
1 0.26640625 0.22890625 0.0109375 0.0451171875