2 0.7984375 0.20078125 0.0154296875 0.053125
3 0.084375 0.54140625 0.0091796875 0.0138671875
2 0.83515625 0.26640625 0.01875 0.059375
2 0.40234375 0.72578125 0.0423828125 0.1205078125
2 0.6875 0.28984375 0.0126953125 0.0673828125
2 0.34609375 0.2015625 0.0138671875 0.0533203125
2 0.48671875 0.3265625 0.0201171875 0.065625
2 0.509375 0.334375 0.025390625 0.069140625
2 0.2390625 0.30625 0.0220703125 0.071875
2 0.44453125 0.25390625 0.0169921875 0.0580078125
2 0.12265625 0.37578125 0.0173828125 0.0796875
1 0.72265625 0.4 0.0171875 0.0875
2 0.4234375 0.4484375 0.021484375 0.090234375
2 0.8703125 0.4203125 0.016015625 0.0875
2 0.696875 0.36640625 0.025 0.0767578125
2 0.82734375 0.6578125 0.0263671875 0.1125
2 0.53203125 0.45390625 0.0234375 0.0921875
2 0.971875 0.5890625 0.0279296875 0.109375
2 0.3578125 0.75 0.040625 0.1248046875
2 0.03984375 0.51015625 0.0201171875 0.096875
2 0.9234375 0.4203125 0.0314453125 0.09375
2 0.575 0.5828125 0.0373046875 0.1
1 0.8609375 0.16484375 0.0125 0.053125