2 0.471875 0.19296875 0.0091796875 0.0544921875
2 0.459375 0.1703125 0.0125 0.0560546875
2 0.3953125 0.1890625 0.0091796875 0.0470703125
2 0.7 0.19765625 0.0125 0.065625
2 0.42578125 0.17578125 0.0173828125 0.0611328125
2 0.359375 0.18671875 0.0095703125 0.06875
2 0.5890625 0.16953125 0.015625 0.0580078125
2 0.55 0.2 0.0185546875 0.0591796875
2 0.53828125 0.203125 0.0171875 0.062109375
2 0.65078125 0.20390625 0.0142578125 0.0642578125
2 0.6921875 0.2453125 0.0154296875 0.0720703125
2 0.46953125 0.2421875 0.0173828125 0.0751953125
2 0.19375 0.26015625 0.018359375 0.0767578125
2 0.38828125 0.22734375 0.0201171875 0.0763671875
2 0.73125 0.25390625 0.01875 0.0765625
2 0.27734375 0.284375 0.0203125 0.0751953125
2 0.71953125 0.321875 0.015625 0.0904296875
2 0.23515625 0.21640625 0.021875 0.0701171875
1 0.51875 0.28359375 0.024609375 0.08125
2 0.22109375 0.3390625 0.0265625 0.0875
1 0.76484375 0.1390625 0.0142578125 0.059375
3 0.521875 0.01875 0.0064453125 0.012890625