2 0.584375 0.1078125 0.0185546875 0.0466796875
2 0.62265625 0.08828125 0.015625 0.04375
2 0.13046875 0.06171875 0.0140625 0.05
2 0.74140625 0.15 0.0138671875 0.059375
2 0.57109375 0.15390625 0.0169921875 0.0638671875
2 0.1984375 0.1515625 0.015625 0.058984375
2 0.73046875 0.1859375 0.0169921875 0.065625
2 0.23203125 0.15234375 0.0171875 0.05
2 0.24453125 0.09921875 0.0111328125 0.0548828125
2 0.06640625 0.19296875 0.0169921875 0.065625
2 0.18828125 0.29609375 0.015625 0.0734375
2 0.784375 0.24609375 0.0189453125 0.0705078125
2 0.32578125 0.2234375 0.0140625 0.06875
2 0.34453125 0.22421875 0.0169921875 0.0734375
1 0.51875 0.21015625 0.0154296875 0.0734375
2 0.73203125 0.421875 0.0236328125 0.099609375
2 0.25625 0.61640625 0.025 0.1263671875
2 0.78203125 0.35859375 0.0296875 0.0875
1 0.7859375 0.059375 0.015625 0.055859375
2 0.571875 0.06015625 0.0154296875 0.0482421875
3 0.1828125 0.18359375 0.0064453125 0.0138671875