2 0.709375 0.2625 0.009375 0.037890625
2 0.80234375 0.29140625 0.009375 0.0451171875
2 0.67734375 0.28046875 0.009375 0.0392578125
2 0.790625 0.31875 0.012109375 0.0470703125
0 0.0296875 0.34453125 0.0125 0.0484375
3 0.1640625 0.56171875 0.0064453125 0.0109375
2 0.5546875 0.27890625 0.0095703125 0.0421875
2 0.37890625 0.30234375 0.0080078125 0.0451171875
2 0.515625 0.26875 0.0091796875 0.0435546875
2 0.84140625 0.3765625 0.0111328125 0.0564453125
2 0.8765625 0.6125 0.028515625 0.075390625
2 0.41015625 0.28359375 0.009375 0.0482421875
2 0.85390625 0.3578125 0.0111328125 0.0564453125
2 0.75625 0.42265625 0.0185546875 0.0638671875
1 0.7109375 0.37734375 0.0126953125 0.059375
2 0.6859375 0.5234375 0.0158203125 0.0751953125
2 0.56953125 0.39296875 0.0169921875 0.05625
2 0.56484375 0.48828125 0.0169921875 0.0625
2 0.39375 0.43828125 0.0126953125 0.0640625
2 0.721875 0.78671875 0.028125 0.1017578125
2 0.4828125 0.4375 0.01875 0.0626953125
2 0.3125 0.49453125 0.0154296875 0.0673828125
2 0.09921875 0.5265625 0.0203125 0.0779296875