2 0.57734375 0.1625 0.0138671875 0.0408203125
2 0.54140625 0.21328125 0.0125 0.0328125
2 0.6921875 0.146875 0.0125 0.043359375
2 0.7328125 0.15859375 0.009375 0.046875
2 0.19765625 0.1578125 0.0078125 0.046484375
2 0.3890625 0.15234375 0.009765625 0.0421875
2 0.2171875 0.18515625 0.01875 0.05
1 0.15390625 0.13125 0.015625 0.0408203125
2 0.759375 0.17890625 0.0126953125 0.046875
2 0.63515625 0.28671875 0.0138671875 0.065625
2 0.778125 0.19453125 0.0123046875 0.0576171875
2 0.846875 0.26171875 0.0126953125 0.06875
2 0.625 0.203125 0.0123046875 0.055859375
2 0.5390625 0.25234375 0.0154296875 0.0625
1 0.4890625 0.21953125 0.0125 0.0607421875
2 0.43515625 0.25625 0.0125 0.0625
2 0.32421875 0.3453125 0.0171875 0.0716796875
2 0.71015625 0.2703125 0.0125 0.0658203125
2 0.8140625 0.365625 0.0158203125 0.078125
2 0.03984375 0.2375 0.0169921875 0.062109375
2 0.56953125 0.35703125 0.0169921875 0.0767578125
2 0.87890625 0.36484375 0.0140625 0.0763671875
3 0.37265625 0.17578125 0.0048828125 0.0111328125