2 0.93046875 0.24765625 0.0125 0.0640625
2 0.9203125 0.25234375 0.0126953125 0.0638671875
2 0.73671875 0.1734375 0.0169921875 0.046875
2 0.96875 0.28515625 0.0126953125 0.0671875
2 0.775 0.19375 0.0248046875 0.050390625
2 0.83984375 0.2734375 0.0138671875 0.071875
1 0.63515625 0.215625 0.0109375 0.059375
2 0.72109375 0.2234375 0.0142578125 0.059375
2 0.9609375 0.33984375 0.0125 0.0763671875
2 0.49765625 0.2015625 0.0125 0.05625
2 0.98515625 0.3421875 0.0140625 0.071875
2 0.86015625 0.375 0.0234375 0.0779296875
2 0.103125 0.3 0.015625 0.075
2 0.13828125 0.40234375 0.025 0.0923828125
2 0.5796875 0.3171875 0.0248046875 0.0689453125
2 0.4734375 0.30546875 0.0189453125 0.0734375
2 0.12734375 0.2984375 0.015625 0.0779296875
3 0.76171875 0.21484375 0.0076171875 0.015625
2 0.721875 0.17421875 0.0189453125 0.0544921875
2 0.840625 0.24609375 0.019140625 0.0611328125