1 0.2578125 0.16875 0.015234375 0.0564453125
2 0.43125 0.19921875 0.0123046875 0.053125
2 0.11953125 0.4859375 0.0236328125 0.097265625
2 0.515625 0.2484375 0.0185546875 0.0564453125
2 0.31640625 0.24765625 0.015625 0.0638671875
2 0.10546875 0.51484375 0.0173828125 0.0875
2 0.821875 0.221875 0.012890625 0.062109375
2 0.340625 0.30703125 0.025390625 0.0673828125
2 0.17265625 0.28671875 0.01875 0.0705078125
2 0.88671875 0.21171875 0.0234375 0.0544921875
2 0.71953125 0.2984375 0.0171875 0.066015625
2 0.67734375 0.42578125 0.0298828125 0.0892578125
2 0.8921875 0.296875 0.025 0.0560546875
2 0.23359375 0.35078125 0.0201171875 0.0830078125
2 0.65390625 0.515625 0.0326171875 0.093359375
2 0.56796875 0.40859375 0.0267578125 0.084375
2 0.2046875 0.4125 0.03125 0.0876953125
1 0.3984375 0.421875 0.0248046875 0.09375
2 0.44375 0.85703125 0.0345703125 0.1453125