3 0.72109375 0.23046875 0.0080078125 0.0169921875
2 0.1125 0.125 0.0123046875 0.053125
2 0.196875 0.1734375 0.0185546875 0.0564453125
2 0.00234375 0.17265625 0.0046875 0.0638671875
2 0.503125 0.14765625 0.012890625 0.0609375
2 0.021875 0.23203125 0.025390625 0.0673828125
2 0.56796875 0.13671875 0.0234375 0.0544921875
2 0.40078125 0.22421875 0.0171875 0.0671875
2 0.35859375 0.3515625 0.0298828125 0.0904296875
2 0.57265625 0.221875 0.025 0.0560546875
2 0.334375 0.44140625 0.0314453125 0.0921875
2 0.2484375 0.33359375 0.0279296875 0.084375
1 0.0796875 0.346875 0.0248046875 0.09375
2 0.125 0.78203125 0.0345703125 0.1453125
2 0.88046875 0.26796875 0.0138671875 0.0796875
2 0.8375 0.5546875 0.034375 0.1220703125