2 0.24375 0.31953125 0.0125 0.0453125
0 0.9296875 0.30859375 0.015234375 0.0517578125
2 0.6328125 0.32109375 0.015234375 0.04375
2 0.296875 0.29609375 0.012890625 0.0453125
2 0.7796875 0.41875 0.0126953125 0.0625
2 0.6515625 0.34453125 0.0158203125 0.05
1 0.6109375 0.42109375 0.0154296875 0.065625
2 0.80625 0.41640625 0.015625 0.0625
2 0.778125 0.5828125 0.0158203125 0.084375
2 0.63203125 0.5484375 0.0173828125 0.084765625
2 0.7015625 0.4953125 0.0123046875 0.077734375
2 0.83984375 0.52421875 0.0205078125 0.0765625
2 0.39140625 0.63671875 0.0232421875 0.0982421875
2 0.38203125 0.51328125 0.01875 0.0734375
2 0.09140625 0.615625 0.0173828125 0.087890625
2 0.50078125 0.6296875 0.0232421875 0.090234375
2 0.51640625 0.4390625 0.0173828125 0.0654296875
2 0.22890625 0.62734375 0.0263671875 0.0953125
2 0.74921875 0.596875 0.0205078125 0.0908203125
2 0.1515625 0.453125 0.01875 0.069140625
1 0.52890625 0.21875 0.009375 0.037890625