2 0.40078125 0.66875 0.028125 0.0470703125
2 0.7609375 0.3484375 0.0125 0.046484375
1 0.0140625 0.671875 0.028125 0.078125
2 0.709375 0.35625 0.009375 0.0439453125
2 0.49375 0.3109375 0.009375 0.0404296875
2 0.67890625 0.41328125 0.0109375 0.0548828125
2 0.5625 0.325 0.0091796875 0.043359375
2 0.40078125 0.37734375 0.0109375 0.0544921875
2 0.7921875 0.4390625 0.009765625 0.059765625
0 0.0484375 0.40078125 0.0125 0.0548828125
2 0.803125 0.4296875 0.012890625 0.0595703125
1 0.6921875 0.45 0.0126953125 0.062109375
2 0.2546875 0.54765625 0.0158203125 0.0734375
2 0.2375 0.4640625 0.021875 0.05625
2 0.32109375 0.63359375 0.0267578125 0.0796875
2 0.875 0.59375 0.019140625 0.0814453125
2 0.240625 0.62734375 0.019140625 0.0625
2 0.41015625 0.39296875 0.0125 0.05625
2 0.07890625 0.5890625 0.0232421875 0.078515625
2 0.1765625 0.66640625 0.01875 0.0888671875
2 0.70234375 0.6296875 0.0203125 0.0875
2 0.8546875 0.7125 0.022265625 0.0939453125
3 0.24453125 0.48671875 0.0076171875 0.0138671875
2 0.69140625 0.30390625 0.0125 0.040625
1 0.78515625 0.27109375 0.009375 0.0359375