3 0.83671875 0.59375 0.0107421875 0.018359375
2 0.41640625 0.1390625 0.0111328125 0.0529296875
2 0.84765625 0.21953125 0.0138671875 0.0640625
2 0.34140625 0.24375 0.0125 0.0689453125
2 0.2765625 0.2765625 0.015625 0.0716796875
2 0.79609375 0.44453125 0.01875 0.0888671875
2 0.846875 0.3140625 0.019140625 0.0689453125
2 0.66484375 0.14140625 0.0111328125 0.0548828125
2 0.15078125 0.46953125 0.0234375 0.10625
2 0.58046875 0.16015625 0.0138671875 0.0578125
2 0.81640625 0.1875 0.0125 0.065625
1 0.38671875 0.3328125 0.0173828125 0.0845703125
2 0.25703125 0.30703125 0.015625 0.084375
2 0.825 0.47578125 0.0216796875 0.0955078125
2 0.3890625 0.57265625 0.0251953125 0.1080078125
2 0.7515625 0.65625 0.0408203125 0.1
2 0.225 0.58828125 0.0220703125 0.1171875
2 0.84609375 0.66015625 0.0263671875 0.1173828125
1 0.26796875 0.1015625 0.0169921875 0.052734375
2 0.33671875 0.1796875 0.0111328125 0.058984375
2 0.32734375 0.1765625 0.0109375 0.05625