3 0.35703125 0.36328125 0.00625 0.0109375
2 0.565625 0.228125 0.006640625 0.040625
2 0.62578125 0.20859375 0.0111328125 0.0390625
2 0.51640625 0.22578125 0.009375 0.0482421875
2 0.79453125 0.23515625 0.0107421875 0.0453125
2 0.3640625 0.23828125 0.009375 0.0451171875
2 0.53359375 0.2328125 0.0107421875 0.0439453125
1 0.67265625 0.29453125 0.0107421875 0.0515625
0 0.034375 0.2953125 0.012890625 0.0533203125
2 0.38359375 0.23515625 0.015625 0.0486328125
2 0.3921875 0.32265625 0.0123046875 0.053125
2 0.6453125 0.33046875 0.015625 0.0576171875
2 0.725 0.25546875 0.0125 0.0515625
2 0.86640625 0.30078125 0.0111328125 0.0578125
2 0.85234375 0.30078125 0.0125 0.05625
2 0.1046875 0.41796875 0.016015625 0.0736328125
2 0.5671875 0.39453125 0.009765625 0.0607421875
2 0.40078125 0.41171875 0.021875 0.0673828125
2 0.34765625 0.33515625 0.0111328125 0.0625
2 0.8265625 0.48203125 0.016015625 0.0798828125
2 0.68203125 0.7265625 0.0298828125 0.1064453125
2 0.5875 0.315625 0.0123046875 0.053125
2 0.6875 0.496875 0.0216796875 0.0814453125
1 0.8640625 0.21171875 0.0126953125 0.0453125