2 0.6796875 0.10234375 0.0095703125 0.0673828125
2 0.68828125 0.084375 0.0125 0.0533203125
2 0.6734375 0.11015625 0.0123046875 0.0607421875
2 0.64375 0.084375 0.0158203125 0.05625
1 0.1703125 0.07109375 0.0126953125 0.0576171875
2 0.44609375 0.08515625 0.0142578125 0.0544921875
2 0.48125 0.12265625 0.012890625 0.0673828125
2 0.590625 0.12109375 0.0158203125 0.06875
2 0.515625 0.1203125 0.0158203125 0.0625
2 0.2734375 0.11328125 0.0220703125 0.0578125
2 0.81328125 0.12265625 0.0142578125 0.0673828125
2 0.28984375 0.1828125 0.0138671875 0.0751953125
2 0.6328125 0.14765625 0.01875 0.065625
2 0.85234375 0.16640625 0.0125 0.0767578125
2 0.2484375 0.11171875 0.0126953125 0.0701171875
2 0.8984375 0.2609375 0.0123046875 0.090234375
2 0.8078125 0.21953125 0.015625 0.078125
2 0.1703125 0.1890625 0.0248046875 0.0779296875
2 0.47734375 0.19453125 0.0236328125 0.0673828125
1 0.5828125 0.17890625 0.0158203125 0.0798828125
2 0.23515625 0.2890625 0.0205078125 0.0966796875