2 0.61640625 0.23125 0.0080078125 0.0376953125
2 0.75703125 0.29765625 0.0125 0.0517578125
2 0.68359375 0.265625 0.0107421875 0.046875
2 0.57109375 0.2265625 0.0109375 0.0375
2 0.70703125 0.2765625 0.0125 0.0439453125
2 0.76953125 0.30703125 0.0109375 0.046875
2 0.54296875 0.2671875 0.009375 0.046875
2 0.6921875 0.2921875 0.009375 0.05
1 0.5171875 0.259375 0.009375 0.0470703125
2 0.63984375 0.28828125 0.009375 0.05
2 0.75078125 0.33125 0.0138671875 0.0533203125
2 0.3484375 0.23984375 0.009375 0.0388671875
2 0.13359375 0.3140625 0.009375 0.0533203125
2 0.7921875 0.3359375 0.009765625 0.052734375
2 0.40078125 0.31875 0.0107421875 0.0533203125
2 0.7109375 0.37890625 0.0126953125 0.059375
2 0.16796875 0.31484375 0.0109375 0.05625
2 0.49296875 0.32421875 0.015625 0.0544921875
2 0.1515625 0.3875 0.016015625 0.068359375
0 0.8265625 0.29296875 0.0125 0.0451171875
2 0.61953125 0.22578125 0.0080078125 0.0388671875
1 0.01875 0.24453125 0.0125 0.0578125