1 0.184375 0.23125 0.012109375 0.0470703125
2 0.53203125 0.35859375 0.0169921875 0.0625
2 0.63671875 0.2890625 0.0140625 0.0439453125
2 0.65 0.29765625 0.0185546875 0.0544921875
2 0.61953125 0.27734375 0.0171875 0.05
2 0.53203125 0.3921875 0.0142578125 0.065625
2 0.73828125 0.2953125 0.0125 0.053515625
1 0.4796875 0.31953125 0.0158203125 0.059375
2 0.4765625 0.26640625 0.0123046875 0.05
2 0.66328125 0.35078125 0.0138671875 0.0638671875
2 0.1984375 0.29921875 0.009765625 0.0548828125
2 0.515625 0.440625 0.012890625 0.075
2 0.30234375 0.4109375 0.0234375 0.065625
2 0.56875 0.446875 0.018359375 0.075
2 0.10078125 0.3703125 0.0140625 0.0685546875
2 0.79609375 0.3609375 0.0140625 0.0626953125
2 0.296875 0.51796875 0.0189453125 0.0890625
2 0.73671875 0.4140625 0.0203125 0.0751953125
2 0.8640625 0.58671875 0.0189453125 0.0919921875
2 0.734375 0.609375 0.0248046875 0.099609375
2 0.87421875 0.4234375 0.01875 0.0779296875
2 0.5421875 0.57109375 0.0248046875 0.0857421875
3 0.11171875 0.3890625 0.00625 0.0126953125