2 0.746875 0.075 0.025390625 0.0779296875
1 0.2421875 0.0140625 0.0185546875 0.028125
2 0.73828125 0.09453125 0.0330078125 0.0923828125
2 0.67109375 0.0359375 0.0267578125 0.0716796875
2 0.45703125 0.0734375 0.0234375 0.090625
2 0.3765625 0.06484375 0.0185546875 0.0861328125
2 0.528125 0.06796875 0.0158203125 0.0859375
2 0.3234375 0.134375 0.0185546875 0.0935546875
2 0.61328125 0.05390625 0.0171875 0.078125
2 0.65234375 0.0703125 0.0232421875 0.08125
2 0.29375 0.06328125 0.018359375 0.0923828125
2 0.8234375 0.04921875 0.028125 0.084375
2 0.9625 0.0875 0.0185546875 0.090625
2 0.33515625 0.2140625 0.025 0.1095703125
1 0.5390625 0.165625 0.022265625 0.1033203125
2 0.56953125 0.1140625 0.0173828125 0.096484375
2 0.2515625 0.13359375 0.0251953125 0.0982421875
2 0.9890625 0.15 0.021875 0.1
2 0.80078125 0.09765625 0.0357421875 0.0826171875
2 0.94375 0.24453125 0.0220703125 0.1107421875
2 0.86015625 0.190625 0.0390625 0.100390625
2 0.4546875 0.03359375 0.028125 0.0669921875
3 0.68046875 0.003125 0.00625 0.00625