2 0.5765625 0.24140625 0.0125 0.0392578125
2 0.5421875 0.28984375 0.0123046875 0.03125
2 0.68671875 0.2265625 0.0111328125 0.040625
2 0.72578125 0.2375 0.009375 0.0439453125
2 0.21328125 0.2375 0.0076171875 0.04375
2 0.39609375 0.23203125 0.0107421875 0.040625
2 0.23203125 0.26328125 0.0173828125 0.0482421875
1 0.17109375 0.21171875 0.0142578125 0.0392578125
2 0.75078125 0.25703125 0.0138671875 0.0451171875
2 0.6328125 0.36015625 0.0125 0.0625
2 0.76875 0.27265625 0.0123046875 0.0546875
2 0.834375 0.33671875 0.0126953125 0.065625
2 0.62265625 0.28046875 0.0111328125 0.0517578125
2 0.53984375 0.32734375 0.0140625 0.059375
1 0.4921875 0.29609375 0.0123046875 0.0578125
2 0.440625 0.33125 0.0123046875 0.059375
2 0.334375 0.41640625 0.0158203125 0.0673828125
2 0.7046875 0.34453125 0.0123046875 0.0640625
2 0.80390625 0.4359375 0.015625 0.075
2 0.06171875 0.3140625 0.015625 0.0591796875
2 0.56953125 0.42734375 0.015625 0.0736328125
2 0.865625 0.43515625 0.0126953125 0.0732421875
3 0.38046875 0.25390625 0.0048828125 0.0109375