2 0.71015625 0.97421875 0.0267578125 0.0515625
2 0.8796875 0.18203125 0.009765625 0.0455078125
2 0.93515625 0.29140625 0.0138671875 0.0359375
2 0.884375 0.21796875 0.0125 0.0484375
2 0.7453125 0.25 0.009765625 0.0560546875
3 0.33515625 0.5390625 0.0078125 0.0126953125
2 0.4125 0.18046875 0.0095703125 0.0453125
2 0.51640625 0.2796875 0.0173828125 0.0591796875
2 0.50390625 0.2296875 0.0125 0.0560546875
0 0.03828125 0.26484375 0.015625 0.059375
2 0.9328125 0.3890625 0.0158203125 0.0625
2 0.4703125 0.30625 0.0154296875 0.0626953125
2 0.92578125 0.32890625 0.0205078125 0.0607421875
2 0.5375 0.3703125 0.0154296875 0.0720703125
2 0.3296875 0.26328125 0.009765625 0.0580078125
2 0.5625 0.32578125 0.0126953125 0.0625
2 0.771875 0.29453125 0.015625 0.059375
2 0.52890625 0.4375 0.0169921875 0.08125
2 0.63203125 0.58984375 0.0328125 0.096875
2 0.678125 0.47265625 0.0251953125 0.0765625
2 0.090625 0.49609375 0.019140625 0.096875
1 0.740625 0.3328125 0.0158203125 0.071484375
2 0.32890625 0.34609375 0.0140625 0.0765625
2 0.35546875 0.66953125 0.0232421875 0.109375
1 0.93984375 0.16640625 0.0111328125 0.05