1 0.2625 0.16875 0.0095703125 0.0439453125
2 0.58671875 0.2875 0.015625 0.0591796875
2 0.684375 0.22265625 0.0126953125 0.0419921875
2 0.696875 0.23046875 0.018359375 0.05
2 0.66875 0.21171875 0.0158203125 0.046875
2 0.58671875 0.31875 0.0140625 0.0623046875
2 0.7796875 0.228125 0.0123046875 0.0501953125
1 0.5375 0.25078125 0.015625 0.0548828125
2 0.53515625 0.20078125 0.0109375 0.046875
2 0.709375 0.28046875 0.0125 0.059375
2 0.275 0.23203125 0.012109375 0.0517578125
2 0.57109375 0.3640625 0.0138671875 0.071484375
2 0.371875 0.33671875 0.021875 0.0611328125
2 0.62109375 0.3703125 0.015625 0.071484375
2 0.184375 0.29765625 0.0126953125 0.0640625
2 0.83359375 0.28984375 0.0138671875 0.059375
2 0.3671875 0.4359375 0.0185546875 0.0841796875
2 0.778125 0.3390625 0.01875 0.0716796875
2 0.896875 0.50078125 0.0185546875 0.0859375
2 0.77578125 0.521875 0.0232421875 0.093359375
2 0.90703125 0.3484375 0.0173828125 0.071875
2 0.59609375 0.48671875 0.0232421875 0.0796875
3 0.19375 0.315625 0.00625 0.0125