2 0.62421875 0.70703125 0.0326171875 0.0544921875
2 0.2171875 0.34453125 0.015234375 0.0513671875
2 0.27578125 0.35390625 0.0109375 0.05
2 0.51875 0.30234375 0.012109375 0.0451171875
2 0.309375 0.4171875 0.0125 0.0625
2 0.44140625 0.31875 0.009375 0.0470703125
2 0.62421875 0.37734375 0.0111328125 0.0609375
2 0.18125 0.44765625 0.0125 0.0701171875
2 0.16953125 0.4359375 0.015625 0.0685546875
1 0.29453125 0.459375 0.0142578125 0.0689453125
2 0.7890625 0.5703125 0.01875 0.083984375
2 0.80859375 0.47578125 0.0236328125 0.0640625
2 0.7140625 0.66640625 0.0310546875 0.090625
2 0.08828125 0.621875 0.0232421875 0.093359375
2 0.8046875 0.659375 0.022265625 0.069140625
2 0.61328125 0.39453125 0.0140625 0.0640625
2 0.9875 0.61640625 0.0248046875 0.090625
2 0.87734375 0.70390625 0.0205078125 0.1
2 0.2828125 0.6625 0.022265625 0.0998046875
2 0.1109375 0.75625 0.027734375 0.10625
3 0.80078125 0.50078125 0.0078125 0.0142578125
2 0.2953125 0.29453125 0.015234375 0.0455078125
1 0.18984375 0.2578125 0.0107421875 0.040625