3 0.29765625 0.46953125 0.0076171875 0.0111328125
2 0.69140625 0.2453125 0.0080078125 0.041015625
2 0.58515625 0.35546875 0.0140625 0.0580078125
2 0.45390625 0.31640625 0.0111328125 0.0515625
2 0.7453125 0.31796875 0.009765625 0.0515625
2 0.2984375 0.27734375 0.015625 0.0513671875
2 0.2546875 0.496875 0.03125 0.069140625
2 0.72109375 0.415625 0.0142578125 0.0716796875
2 0.28359375 0.44453125 0.01875 0.0642578125
2 0.51796875 0.43046875 0.0169921875 0.0671875
1 0.64921875 0.46953125 0.0142578125 0.0767578125
2 0.22578125 0.39453125 0.0173828125 0.0642578125
2 0.478125 0.3734375 0.019140625 0.059375
2 0.00546875 0.43359375 0.0109375 0.0734375
2 0.82265625 0.4203125 0.0142578125 0.075
2 0.88125 0.57421875 0.0248046875 0.0951171875
2 0.19921875 0.50859375 0.0326171875 0.078125
2 0.459375 0.56484375 0.0185546875 0.0892578125
2 0.66953125 0.70234375 0.0361328125 0.1109375
2 0.4875 0.80703125 0.037109375 0.1203125
2 0.81953125 0.72578125 0.0328125 0.1078125
2 0.36796875 0.58046875 0.028125 0.0921875
1 0.72890625 0.228125 0.0109375 0.0466796875