2 0.81484375 0.10390625 0.0111328125 0.0484375
1 0.246875 0.09765625 0.012109375 0.0486328125
2 0.84375 0.1203125 0.0185546875 0.0439453125
2 0.81796875 0.2515625 0.0205078125 0.0625
2 0.8890625 0.2375 0.0189453125 0.065625
2 0.853125 0.1515625 0.018359375 0.052734375
1 0.6609375 0.19609375 0.022265625 0.0609375
2 0.73671875 0.16015625 0.0205078125 0.0486328125
2 0.55546875 0.20625 0.0140625 0.0595703125
2 0.43359375 0.12734375 0.0125 0.0486328125
2 0.22734375 0.12890625 0.0125 0.0513671875
2 0.521875 0.1265625 0.0189453125 0.053125
2 0.77421875 0.14609375 0.0142578125 0.0544921875
2 0.6171875 0.340625 0.0248046875 0.071875
2 0.50078125 0.134375 0.0142578125 0.056640625
2 0.87890625 0.3234375 0.025 0.075
2 0.70859375 0.2265625 0.0236328125 0.0625
2 0.19140625 0.24296875 0.0234375 0.0765625
2 0.8546875 0.184375 0.0189453125 0.0560546875