2 0.1109375 0.1796875 0.0126953125 0.0560546875
2 0.15625 0.20546875 0.0126953125 0.0576171875
2 0.0015625 0.26015625 0.003125 0.0671875
3 0.88515625 0.6046875 0.0107421875 0.015625
2 0.33046875 0.203125 0.0142578125 0.059375
2 0.58046875 0.23671875 0.0125 0.0638671875
2 0.3859375 0.1890625 0.0125 0.059765625
2 0.5359375 0.209375 0.0126953125 0.068359375
2 0.04375 0.40703125 0.025 0.0892578125
1 0.109375 0.34296875 0.01875 0.084375
2 0.14453125 0.55078125 0.0234375 0.1076171875
2 0.309375 0.36484375 0.024609375 0.0796875
2 0.315625 0.50078125 0.024609375 0.0888671875
2 0.559375 0.42890625 0.01875 0.0919921875
2 0.09296875 0.92421875 0.0392578125 0.1453125
2 0.4328125 0.42890625 0.027734375 0.0892578125
2 0.675 0.51015625 0.0216796875 0.096875
2 0.978125 0.5546875 0.0283203125 0.1095703125