2 0.16640625 0.26328125 0.0138671875 0.0486328125
3 0.82421875 0.5765625 0.0078125 0.0125
2 0.1328125 0.3234375 0.016015625 0.053515625
2 0.53125 0.74609375 0.0404296875 0.1111328125
2 0.26875 0.34453125 0.0125 0.0625
2 0.58359375 0.26328125 0.0111328125 0.05
2 0.45390625 0.378125 0.0173828125 0.062109375
2 0.4328125 0.3859375 0.0248046875 0.065234375
2 0.6828125 0.36015625 0.0216796875 0.0669921875
2 0.49296875 0.31171875 0.0142578125 0.0544921875
2 0.78984375 0.42421875 0.0169921875 0.0734375
1 0.2359375 0.44609375 0.015625 0.0798828125
2 0.51171875 0.490625 0.01875 0.0814453125
2 0.1 0.465625 0.015625 0.0810546875
2 0.26015625 0.415625 0.0232421875 0.0716796875
2 0.13984375 0.68359375 0.0234375 0.1044921875
2 0.41171875 0.49609375 0.021875 0.084375
2 0.009375 0.6203125 0.01875 0.1001953125
2 0.57265625 0.76875 0.0375 0.112890625
2 0.865625 0.54765625 0.0185546875 0.0890625
2 0.0515625 0.465625 0.0283203125 0.0873046875
2 0.37265625 0.6140625 0.0330078125 0.091015625
1 0.10859375 0.2296875 0.0111328125 0.0498046875