1 0.8296875 0.15 0.0125 0.0560546875
2 0.575 0.15703125 0.0158203125 0.0484375
2 0.4515625 0.1734375 0.0154296875 0.0439453125
2 0.38359375 0.15859375 0.0109375 0.05
2 0.303125 0.16953125 0.012109375 0.053125
2 0.46640625 0.190625 0.0203125 0.0501953125
2 0.73203125 0.17890625 0.0107421875 0.0576171875
2 0.5328125 0.18203125 0.016015625 0.0642578125
2 0.546875 0.18515625 0.0126953125 0.059375
2 0.33515625 0.17734375 0.0140625 0.0453125
2 0.80390625 0.1828125 0.0138671875 0.058984375
2 0.36015625 0.15 0.0140625 0.0439453125
2 0.865625 0.2546875 0.012890625 0.0716796875
2 0.28828125 0.1859375 0.0201171875 0.0466796875
2 0.7125 0.2515625 0.018359375 0.0685546875
2 0.21171875 0.2328125 0.0142578125 0.0685546875
1 0.4359375 0.2328125 0.016015625 0.0654296875
2 0.35859375 0.2203125 0.0138671875 0.0658203125
2 0.73359375 0.3609375 0.015625 0.0873046875
2 0.225 0.3171875 0.012890625 0.077734375
2 0.53828125 0.3125 0.0171875 0.080859375
2 0.1328125 0.31484375 0.0154296875 0.0763671875