2 0.25546875 0.1796875 0.0203125 0.0595703125
2 0.2640625 0.20625 0.015625 0.069140625
2 0.27890625 0.1953125 0.01875 0.072265625
2 0.221875 0.22890625 0.0220703125 0.0609375
2 0.22109375 0.2859375 0.0236328125 0.0908203125
2 0.54453125 0.14609375 0.0107421875 0.0671875
2 0.1546875 0.23125 0.0125 0.081640625
2 0.821875 0.19609375 0.0154296875 0.0794921875
2 0.70625 0.20078125 0.0158203125 0.0734375
2 0.39921875 0.20546875 0.0236328125 0.0640625
2 0.71640625 0.2671875 0.01875 0.078125
2 0.58046875 0.20234375 0.0171875 0.0794921875
2 0.13203125 0.271875 0.0142578125 0.081640625
2 0.47109375 0.234375 0.028125 0.062890625
2 0.35703125 0.2265625 0.021875 0.078515625
1 0.528125 0.27421875 0.021875 0.0890625
2 0.50625 0.23203125 0.018359375 0.0765625
2 0.8140625 0.26171875 0.0154296875 0.0888671875
2 0.60859375 0.36796875 0.0265625 0.0857421875
2 0.0625 0.33125 0.0189453125 0.087890625
1 0.84296875 0.12421875 0.0169921875 0.0763671875
2 0.27578125 0.175 0.0234375 0.069140625