2 0.35859375 0.20078125 0.0080078125 0.040625
2 0.21015625 0.2703125 0.0125 0.0560546875
2 0.2875 0.23671875 0.012109375 0.05
2 0.40625 0.19609375 0.0123046875 0.0392578125
2 0.26328125 0.24765625 0.0138671875 0.046875
2 0.196875 0.28046875 0.012109375 0.05
2 0.4359375 0.23828125 0.009375 0.05
2 0.27890625 0.26484375 0.009375 0.0517578125
1 0.4640625 0.23046875 0.0095703125 0.0513671875
2 0.334375 0.2609375 0.0095703125 0.0529296875
2 0.2171875 0.30546875 0.015234375 0.0576171875
2 0.64140625 0.209375 0.009375 0.040625
2 0.86796875 0.2875 0.0107421875 0.0564453125
2 0.1734375 0.3109375 0.009765625 0.053515625
2 0.5859375 0.29296875 0.009765625 0.0576171875
2 0.25859375 0.35625 0.0140625 0.0625
2 0.83203125 0.28828125 0.0111328125 0.059375
2 0.4890625 0.2984375 0.0158203125 0.0564453125
2 0.84921875 0.365625 0.01875 0.069140625
0 0.13671875 0.265625 0.0125 0.046875
2 0.3546875 0.19453125 0.0091796875 0.040625
1 0.9890625 0.21484375 0.0126953125 0.0609375