2 0.58515625 0.1984375 0.0111328125 0.0466796875
1 0.03828125 0.1921875 0.0109375 0.0470703125
2 0.61328125 0.2140625 0.0171875 0.0435546875
2 0.58828125 0.33984375 0.0203125 0.0607421875
2 0.65625 0.3265625 0.01875 0.0626953125
2 0.621875 0.24453125 0.0158203125 0.05
1 0.43671875 0.2875 0.0232421875 0.0591796875
2 0.509375 0.25234375 0.019140625 0.0482421875
2 0.33515625 0.296875 0.0138671875 0.056640625
2 0.21796875 0.2203125 0.0111328125 0.0470703125
2 0.0203125 0.22265625 0.0123046875 0.0484375
2 0.303125 0.2203125 0.01875 0.0501953125
2 0.5453125 0.2390625 0.0154296875 0.0529296875
2 0.39453125 0.42578125 0.0232421875 0.06875
2 0.2828125 0.228125 0.0154296875 0.0560546875
2 0.8046875 0.3765625 0.034375 0.059765625
2 0.77890625 0.378125 0.0171875 0.0654296875
2 0.646875 0.409375 0.0248046875 0.0720703125
2 0.81328125 0.3046875 0.0173828125 0.0626953125
2 0.4828125 0.31640625 0.022265625 0.0607421875
2 0.6234375 0.27578125 0.01875 0.053125