2 0.03671875 0.29921875 0.0169921875 0.0578125
0 0.9234375 0.28515625 0.0185546875 0.0671875
2 0.53984375 0.30078125 0.01875 0.0576171875
2 0.10546875 0.26875 0.01875 0.056640625
2 0.72890625 0.4265625 0.0171875 0.0810546875
2 0.56328125 0.33125 0.0205078125 0.0654296875
1 0.5109375 0.4296875 0.0189453125 0.084375
2 0.7640625 0.42421875 0.021484375 0.0798828125
2 0.7265625 0.6390625 0.0216796875 0.1091796875
2 0.53828125 0.59375 0.0234375 0.112109375
2 0.628125 0.52578125 0.015625 0.0986328125
2 0.80703125 0.5625 0.0267578125 0.0998046875
2 0.22734375 0.70859375 0.0294921875 0.1263671875
2 0.215625 0.54921875 0.0248046875 0.0953125
2 0.36796875 0.69921875 0.0296875 0.1142578125
2 0.3890625 0.453125 0.022265625 0.0841796875
2 0.0171875 0.69609375 0.0341796875 0.1232421875
2 0.68984375 0.65703125 0.0267578125 0.1173828125
1 0.4046875 0.16875 0.0123046875 0.05