3 0.496875 0.196875 0.0064453125 0.0126953125
2 0.53515625 0.1265625 0.0171875 0.0623046875
2 0.58515625 0.19453125 0.0201171875 0.0673828125
2 0.8 0.26171875 0.0189453125 0.0859375
2 0.44921875 0.1625 0.0236328125 0.0564453125
2 0.396875 0.17109375 0.024609375 0.0611328125
2 0.60703125 0.14765625 0.01875 0.0642578125
2 0.3765625 0.20078125 0.021875 0.0763671875
2 0.621875 0.1765625 0.0158203125 0.072265625
2 0.0296875 0.2125 0.0158203125 0.084375
2 0.575 0.23046875 0.0220703125 0.0765625
2 0.334375 0.1890625 0.019140625 0.075
2 0.16015625 0.21640625 0.0234375 0.0794921875
2 0.1890625 0.30234375 0.0126953125 0.0951171875
1 0.35078125 0.2609375 0.0294921875 0.084375
2 0.03671875 0.30625 0.0232421875 0.0908203125
2 0.440625 0.26015625 0.028125 0.0888671875
2 0.50546875 0.446875 0.034375 0.112109375
2 0.765625 0.21171875 0.028125 0.0794921875
2 0.65078125 0.253125 0.0298828125 0.087109375
2 0.61484375 0.296875 0.0328125 0.0810546875
2 0.88203125 0.3234375 0.01875 0.0904296875