2 0.496875 0.25703125 0.012109375 0.0669921875
2 0.48125 0.228125 0.0154296875 0.06875
2 0.40234375 0.2515625 0.0107421875 0.0591796875
2 0.7796875 0.26328125 0.015625 0.08125
2 0.43984375 0.2359375 0.021875 0.0751953125
2 0.3578125 0.2484375 0.0125 0.0845703125
2 0.6421875 0.228125 0.0189453125 0.0720703125
2 0.59296875 0.265625 0.021875 0.0720703125
2 0.57890625 0.26953125 0.0205078125 0.075
2 0.71796875 0.27109375 0.01875 0.0796875
2 0.76953125 0.32109375 0.01875 0.0892578125
2 0.49453125 0.31796875 0.021875 0.09375
2 0.153125 0.340625 0.0216796875 0.0966796875
2 0.39296875 0.3 0.0236328125 0.09375
2 0.81796875 0.33203125 0.0234375 0.0951171875
2 0.25625 0.36953125 0.025 0.09375
2 0.803125 0.41640625 0.0189453125 0.1109375
2 0.2046875 0.2859375 0.027734375 0.084765625
1 0.55546875 0.36875 0.0294921875 0.1001953125
2 0.1875 0.4375 0.031640625 0.106640625
1 0.85859375 0.190625 0.0173828125 0.074609375
3 0.55859375 0.04140625 0.0080078125 0.0171875