2 0.621875 0.16875 0.0095703125 0.065625
2 0.6296875 0.15078125 0.0125 0.0517578125
2 0.615625 0.1765625 0.0123046875 0.0591796875
2 0.58671875 0.15078125 0.015625 0.0546875
1 0.125 0.1375 0.0126953125 0.0560546875
2 0.39453125 0.1515625 0.0142578125 0.0529296875
2 0.428125 0.18828125 0.012890625 0.065625
2 0.534375 0.18671875 0.0158203125 0.0671875
2 0.46171875 0.1859375 0.0169921875 0.059765625
2 0.2265625 0.1796875 0.021875 0.05625
2 0.75234375 0.18828125 0.0142578125 0.065625
2 0.2421875 0.246875 0.0125 0.0748046875
2 0.57578125 0.21328125 0.01875 0.0640625
2 0.78984375 0.23125 0.0125 0.075
2 0.2015625 0.178125 0.0126953125 0.0685546875
2 0.83515625 0.32265625 0.0111328125 0.0861328125
2 0.746875 0.2828125 0.0154296875 0.0751953125
2 0.125 0.25234375 0.024609375 0.075
2 0.425 0.25859375 0.024609375 0.065625
1 0.528125 0.24296875 0.0158203125 0.078125
2 0.18828125 0.35 0.0203125 0.09375