2 0.4609375 0.2125 0.00625 0.0314453125
2 0.6703125 0.21484375 0.008984375 0.0390625
2 0.6625 0.22734375 0.0095703125 0.046875
2 0.3546875 0.225 0.0185546875 0.0529296875
2 0.3125 0.2125 0.0095703125 0.04375
2 0.4625 0.24296875 0.0091796875 0.0453125
2 0.49609375 0.21953125 0.009375 0.04375
2 0.48671875 0.2203125 0.0080078125 0.0439453125
0 0.0609375 0.26875 0.0095703125 0.0501953125
1 0.59140625 0.275 0.009375 0.0498046875
2 0.3984375 0.2640625 0.0248046875 0.0439453125
2 0.8375 0.2625 0.0126953125 0.049609375
2 0.853125 0.25859375 0.0123046875 0.0515625
2 0.69609375 0.2953125 0.01875 0.047265625
2 0.77890625 0.303125 0.0138671875 0.055859375
2 0.5890625 0.359375 0.0125 0.062890625
2 0.734375 0.46328125 0.0154296875 0.0767578125
2 0.22109375 0.390625 0.0203125 0.071875
2 0.440625 0.61953125 0.0248046875 0.0986328125
2 0.3921875 0.39296875 0.0126953125 0.0673828125
2 0.8171875 0.4171875 0.021875 0.0720703125
3 0.384375 0.28515625 0.00625 0.0109375
2 0.46875 0.1984375 0.012109375 0.0373046875
1 0.8515625 0.21015625 0.0095703125 0.0484375