2 0.56796875 0.17265625 0.0138671875 0.05625
2 0.4625 0.1609375 0.009375 0.0533203125
2 0.50546875 0.17734375 0.0140625 0.05625
2 0.55703125 0.18671875 0.025 0.0580078125
2 0.58984375 0.1578125 0.015625 0.053125
2 0.646875 0.16953125 0.012109375 0.059375
2 0.33984375 0.178125 0.0109375 0.0625
2 0.4796875 0.17734375 0.0123046875 0.046875
2 0.35546875 0.17890625 0.0125 0.059375
2 0.1234375 0.20078125 0.0095703125 0.0609375
0 0.94921875 0.19453125 0.0171875 0.0703125
2 0.6328125 0.2265625 0.0158203125 0.065234375
2 0.7125 0.2015625 0.012890625 0.0625
2 0.059375 0.19921875 0.015625 0.065625
2 0.79765625 0.24765625 0.0173828125 0.065625
1 0.37578125 0.20234375 0.0173828125 0.0640625
2 0.10078125 0.2828125 0.0236328125 0.0748046875
2 0.46796875 0.2140625 0.01875 0.066015625
2 0.1390625 0.2828125 0.0158203125 0.077734375
2 0.52265625 0.328125 0.0326171875 0.074609375
3 0.51640625 0.196875 0.00625 0.0123046875
2 0.503125 0.1265625 0.0125 0.041015625
2 0.50859375 0.16015625 0.0169921875 0.0544921875