3 0.453125 0.13359375 0.00625 0.0125
2 0.48828125 0.06796875 0.0169921875 0.0576171875
2 0.53515625 0.13125 0.0173828125 0.0626953125
2 0.73359375 0.19375 0.0173828125 0.080859375
2 0.409375 0.1015625 0.0220703125 0.053125
2 0.36015625 0.11015625 0.021875 0.0576171875
2 0.5546875 0.08828125 0.016015625 0.0607421875
2 0.3421875 0.13671875 0.021484375 0.0703125
2 0.56875 0.11484375 0.015625 0.0673828125
2 0.02109375 0.1484375 0.015625 0.078125
2 0.525 0.16484375 0.019140625 0.0705078125
2 0.303125 0.1265625 0.01875 0.0689453125
2 0.1421875 0.1515625 0.021875 0.072265625
2 0.16875 0.23125 0.0125 0.0875
1 0.31796875 0.19296875 0.0265625 0.078125
2 0.02734375 0.234375 0.0203125 0.084375
2 0.4015625 0.1921875 0.0251953125 0.08125
2 0.4609375 0.36484375 0.03125 0.103125
2 0.7015625 0.14765625 0.027734375 0.0734375
2 0.5953125 0.18515625 0.028125 0.0796875
2 0.56171875 0.2265625 0.0298828125 0.0748046875
2 0.80859375 0.25078125 0.0171875 0.0830078125