2 0.45078125 0.125 0.0078125 0.037890625
2 0.19453125 0.128125 0.009375 0.0470703125
2 0.20390625 0.14375 0.0111328125 0.0564453125
2 0.5796875 0.14140625 0.021875 0.0640625
2 0.63125 0.125 0.0123046875 0.053125
2 0.4484375 0.16328125 0.009765625 0.0548828125
2 0.4078125 0.13515625 0.0123046875 0.053125
2 0.41875 0.13515625 0.012109375 0.0546875
0 0.93828125 0.19453125 0.0111328125 0.0611328125
1 0.290625 0.20234375 0.0123046875 0.0609375
2 0.5265625 0.1890625 0.028515625 0.053515625
2 0.1625 0.2265625 0.0220703125 0.059375
2 0.06171875 0.23671875 0.0169921875 0.0669921875
2 0.29375 0.30546875 0.015625 0.078125
2 0.115625 0.43203125 0.0185546875 0.0953125
2 0.74296875 0.34296875 0.025 0.0875
2 0.475 0.6234375 0.030859375 0.1216796875
2 0.534375 0.346875 0.0158203125 0.081640625
2 0.01484375 0.37578125 0.0265625 0.0890625
3 0.54375 0.21484375 0.006640625 0.0138671875
2 0.440625 0.10859375 0.0126953125 0.0453125