2 0.40859375 0.01484375 0.0171875 0.0296875
2 0.27890625 0.00703125 0.0111328125 0.0140625
2 0.33203125 0.01796875 0.0173828125 0.0357421875
2 0.39609375 0.02421875 0.03125 0.0484375
2 0.50625 0.0140625 0.0126953125 0.0279296875
2 0.12734375 0.0203125 0.0138671875 0.040625
2 0.30078125 0.01484375 0.0140625 0.0296875
2 0.146875 0.01953125 0.015625 0.0390625
0 0.8796875 0.0328125 0.0216796875 0.065625
2 0.48828125 0.06171875 0.0201171875 0.0794921875
2 0.58671875 0.03515625 0.0173828125 0.0701171875
2 0.6921875 0.08828125 0.021875 0.08125
1 0.171875 0.03515625 0.021875 0.0703125
2 0.2859375 0.046875 0.022265625 0.081640625
2 0.353125 0.18671875 0.037890625 0.090625
3 0.3453125 0.025 0.0064453125 0.012890625