2 0.74921875 0.153125 0.0201171875 0.0564453125
2 0.74140625 0.17890625 0.0142578125 0.0671875
2 0.7265625 0.16875 0.0185546875 0.0689453125
2 0.78125 0.2 0.021875 0.056640625
2 0.78203125 0.2546875 0.0234375 0.0873046875
2 0.475 0.12109375 0.0095703125 0.0640625
2 0.84453125 0.20234375 0.0111328125 0.0794921875
2 0.21171875 0.16875 0.0140625 0.075
2 0.321875 0.1734375 0.015625 0.0689453125
2 0.6125 0.178125 0.0220703125 0.062109375
2 0.31171875 0.2359375 0.0173828125 0.072265625
2 0.440625 0.175 0.0158203125 0.075
2 0.865625 0.240625 0.012890625 0.0783203125
2 0.54453125 0.20546875 0.0265625 0.0609375
2 0.653125 0.19765625 0.019140625 0.0763671875
1 0.490625 0.24296875 0.0216796875 0.084375
2 0.5109375 0.203125 0.0158203125 0.0720703125
2 0.21953125 0.23125 0.0140625 0.0841796875
2 0.4140625 0.33203125 0.0251953125 0.0798828125
2 0.93203125 0.296875 0.01875 0.084375
1 0.1921875 0.1015625 0.015625 0.071875
2 0.7296875 0.14921875 0.021875 0.0671875