2 0.6625 0.15859375 0.0123046875 0.0580078125
2 0.653125 0.1625 0.0125 0.0564453125
2 0.4859375 0.090625 0.0154296875 0.0435546875
2 0.69765625 0.19296875 0.0125 0.0609375
2 0.5203125 0.109375 0.021875 0.046875
2 0.73828125 0.2140625 0.0109375 0.0595703125
2 0.58046875 0.18203125 0.0125 0.065625
1 0.39296875 0.1296875 0.0107421875 0.0533203125
2 0.471875 0.13671875 0.0126953125 0.0544921875
2 0.690625 0.24296875 0.0123046875 0.0701171875
2 0.2671875 0.11640625 0.0123046875 0.0515625
2 0.7125 0.24453125 0.0125 0.065625
2 0.5984375 0.27421875 0.021875 0.0703125
2 0.34296875 0.221875 0.021875 0.0626953125
2 0.24609375 0.21171875 0.0173828125 0.0671875
3 0.50859375 0.12890625 0.0076171875 0.0140625
2 0.471875 0.0921875 0.0185546875 0.0498046875
0 0.771875 0.1953125 0.0185546875 0.053515625
2 0.58046875 0.15703125 0.01875 0.05625