2 0.29765625 0.11484375 0.0203125 0.059375
2 0.45 0.13515625 0.01875 0.0546875
2 0.534375 0.11640625 0.0126953125 0.0611328125
2 0.6328125 0.1296875 0.015234375 0.065625
2 0.43203125 0.15625 0.025 0.0626953125
2 0.103125 0.14140625 0.0125 0.0703125
2 0.34921875 0.1453125 0.0205078125 0.0810546875
2 0.33203125 0.14921875 0.0169921875 0.0734375
2 0.59453125 0.13984375 0.0173828125 0.05625
2 0.01484375 0.146875 0.0169921875 0.0716796875
2 0.5625 0.10546875 0.0185546875 0.0546875
2 0.65234375 0.15 0.0236328125 0.0564453125
2 0.128125 0.23125 0.0216796875 0.084375
2 0.74609375 0.2078125 0.01875 0.084375
1 0.46953125 0.20859375 0.0205078125 0.0798828125
2 0.565625 0.19296875 0.0158203125 0.0826171875
2 0.1015625 0.3671875 0.0189453125 0.108984375
2 0.73046875 0.3125 0.0173828125 0.0939453125
2 0.34296875 0.30703125 0.021875 0.0984375
2 0.84453125 0.309375 0.01875 0.09375