2 0.34765625 0.284375 0.0140625 0.037109375
0 0.9265625 0.31328125 0.0095703125 0.0486328125
2 0.3171875 0.26953125 0.0123046875 0.034375
2 0.703125 0.2484375 0.012109375 0.040234375
2 0.22421875 0.3171875 0.0107421875 0.046875
2 0.3578125 0.32109375 0.0126953125 0.0486328125
2 0.65 0.31875 0.0123046875 0.044140625
2 0.2328125 0.34609375 0.0125 0.0515625
2 0.6234375 0.31953125 0.0126953125 0.0390625
2 0.6140625 0.278125 0.009375 0.04375
2 0.8125 0.315625 0.009375 0.049609375
2 0.75390625 0.3515625 0.0138671875 0.052734375
2 0.6578125 0.43203125 0.0123046875 0.0578125
2 0.190625 0.39296875 0.0154296875 0.05625
2 0.55078125 0.375 0.0109375 0.0533203125
2 0.5359375 0.37578125 0.0125 0.0578125
1 0.39921875 0.36484375 0.0111328125 0.0578125
2 0.23125 0.53125 0.01875 0.0779296875
2 0.896875 0.49140625 0.0158203125 0.0765625
2 0.6046875 0.68359375 0.0189453125 0.0984375
2 0.1921875 0.48125 0.022265625 0.06875
1 0.18984375 0.246875 0.0111328125 0.0435546875
2 0.35703125 0.246875 0.0111328125 0.0375
3 0.6625 0.34375 0.0060546875 0.0095703125