2 0.22109375 0.1703125 0.0142578125 0.0595703125
2 0.1484375 0.31328125 0.016015625 0.046875
2 0.215625 0.21796875 0.0158203125 0.0638671875
2 0.396875 0.259375 0.0154296875 0.071875
3 0.93203125 0.6359375 0.0107421875 0.016015625
2 0.83125 0.16875 0.0126953125 0.059375
2 0.6953125 0.29765625 0.022265625 0.0763671875
2 0.71171875 0.2328125 0.0169921875 0.071875
2 0.15234375 0.440625 0.0205078125 0.08125
2 0.75546875 0.3328125 0.0201171875 0.083984375
2 0.1609375 0.3625 0.028125 0.0783203125
2 0.66796875 0.415625 0.0201171875 0.0939453125
2 0.9390625 0.2765625 0.0154296875 0.0751953125
2 0.6359375 0.35859375 0.0185546875 0.08125
2 0.36171875 0.3171875 0.0201171875 0.0779296875
2 0.67890625 0.503125 0.0205078125 0.10625
2 0.54453125 0.70234375 0.0423828125 0.1263671875
2 0.484375 0.55 0.031640625 0.1
1 0.40234375 0.3671875 0.0205078125 0.091015625
2 0.940625 0.384375 0.01875 0.1
2 0.90546875 0.80625 0.0296875 0.1435546875
1 0.14296875 0.15 0.015625 0.065625