2 0.64140625 0.34375 0.0111328125 0.0408203125
2 0.58203125 0.26171875 0.0080078125 0.0388671875
2 0.33359375 0.37109375 0.0125 0.046875
2 0.821875 0.46640625 0.012890625 0.0388671875
2 0.640625 0.37265625 0.0095703125 0.05625
2 0.67109375 0.2984375 0.0080078125 0.0408203125
2 0.465625 0.31640625 0.0126953125 0.0392578125
2 0.82109375 0.509375 0.0142578125 0.0748046875
2 0.528125 0.34140625 0.0095703125 0.0455078125
2 0.27421875 0.29140625 0.009375 0.0455078125
2 0.5375 0.4453125 0.0126953125 0.0654296875
2 0.33984375 0.38671875 0.0125 0.0546875
2 0.1515625 0.3890625 0.0095703125 0.0595703125
2 0.753125 0.39453125 0.0158203125 0.0607421875
2 0.77734375 0.37890625 0.0138671875 0.059375
2 0.4734375 0.71953125 0.0185546875 0.096875
2 0.79140625 0.43359375 0.0173828125 0.0642578125
2 0.41953125 0.45859375 0.0125 0.071875
1 0.625 0.45078125 0.0126953125 0.06875
2 0.5078125 0.47734375 0.016015625 0.0673828125
2 0.12578125 0.57421875 0.0201171875 0.0861328125
1 0.70703125 0.24765625 0.0109375 0.040625
3 0.328125 0.38671875 0.0064453125 0.0138671875