3 0.63671875 0.65546875 0.0078125 0.0138671875
2 0.30390625 0.2953125 0.009375 0.0408203125
2 0.64453125 0.359375 0.0107421875 0.0501953125
2 0.24453125 0.378125 0.0107421875 0.055859375
2 0.19296875 0.4046875 0.0125 0.05625
2 0.60390625 0.53671875 0.0142578125 0.0701171875
2 0.64375 0.434375 0.0158203125 0.055859375
2 0.50078125 0.29765625 0.009375 0.04375
2 0.09375 0.55625 0.01875 0.084375
2 0.43359375 0.3125 0.0107421875 0.044140625
2 0.6203125 0.334375 0.0095703125 0.050390625
1 0.28046875 0.4484375 0.0140625 0.066015625
2 0.178125 0.428125 0.0125 0.0658203125
0 0.97578125 0.40078125 0.0125 0.0625
2 0.6265625 0.56171875 0.016015625 0.0763671875
2 0.28203125 0.63828125 0.0203125 0.0859375
2 0.56875 0.7046875 0.031640625 0.0783203125
2 0.153125 0.65078125 0.0185546875 0.0921875
2 0.64375 0.7078125 0.019140625 0.09375
2 0.85078125 0.61171875 0.0203125 0.0857421875
2 0.9859375 0.65 0.0279296875 0.0966796875
1 0.18671875 0.26640625 0.0125 0.040625
2 0.24140625 0.328125 0.009375 0.044140625
2 0.23359375 0.325 0.0080078125 0.0439453125