2 0.83125 0.1453125 0.0279296875 0.078515625
1 0.30859375 0.0546875 0.01875 0.0841796875
2 0.82265625 0.165625 0.0357421875 0.0966796875
2 0.753125 0.103125 0.028125 0.075390625
2 0.53125 0.14296875 0.025 0.09375
2 0.44765625 0.13515625 0.01875 0.0892578125
2 0.6046875 0.13828125 0.016015625 0.0890625
2 0.39296875 0.20703125 0.01875 0.0955078125
2 0.69296875 0.1234375 0.0173828125 0.08125
2 0.73359375 0.140625 0.0234375 0.0841796875
2 0.3625 0.1328125 0.0185546875 0.0966796875
2 0.91171875 0.11875 0.0296875 0.0875
2 0.4046875 0.2890625 0.0251953125 0.115234375
1 0.61640625 0.2390625 0.025 0.108984375
2 0.64765625 0.1859375 0.0173828125 0.097265625
2 0.31875 0.20546875 0.025390625 0.1015625
2 0.8875 0.16875 0.0373046875 0.0845703125
2 0.94921875 0.26484375 0.040625 0.1046875
2 0.5296875 0.09453125 0.0283203125 0.0857421875
3 0.7640625 0.0671875 0.00625 0.0125