3 0.3328125 0.28203125 0.008984375 0.0140625
2 0.6046875 0.10625 0.009765625 0.053125
2 0.6828125 0.08046875 0.015625 0.0513671875
2 0.540625 0.103125 0.0123046875 0.0623046875
2 0.90390625 0.115625 0.0125 0.059375
2 0.34140625 0.11875 0.0111328125 0.056640625
2 0.56328125 0.1125 0.0125 0.056640625
1 0.74453125 0.1921875 0.0138671875 0.066015625
2 0.36796875 0.115625 0.0203125 0.062890625
2 0.378125 0.22890625 0.0154296875 0.0701171875
2 0.70859375 0.2390625 0.0203125 0.0748046875
2 0.8125 0.1421875 0.0158203125 0.066015625
2 0.99453125 0.20078125 0.0109375 0.0763671875
2 0.97890625 0.20078125 0.0169921875 0.0734375
2 0.00703125 0.35390625 0.0140625 0.096875
2 0.60625 0.3234375 0.012890625 0.078125
2 0.3890625 0.34609375 0.028125 0.0888671875
2 0.3203125 0.2453125 0.0154296875 0.0814453125
2 0.94609375 0.4375 0.021875 0.105859375
2 0.75703125 0.75703125 0.0392578125 0.1392578125
2 0.63359375 0.2203125 0.015625 0.0689453125
2 0.7640625 0.45625 0.0279296875 0.1064453125
1 0.99296875 0.08359375 0.0138671875 0.059375