2 0.5734375 0.32578125 0.0154296875 0.053125
2 0.496875 0.2203125 0.012109375 0.047265625
2 0.178125 0.36015625 0.0158203125 0.0609375
2 0.80390625 0.4828125 0.0173828125 0.047265625
2 0.571875 0.3625 0.0126953125 0.0720703125
2 0.61171875 0.26796875 0.0109375 0.053125
2 0.34765625 0.290625 0.0171875 0.0501953125
2 0.80390625 0.53828125 0.01875 0.0953125
2 0.42734375 0.32265625 0.0125 0.059375
2 0.103125 0.25859375 0.0123046875 0.059375
2 0.43984375 0.45625 0.0169921875 0.081640625
2 0.1859375 0.38046875 0.0158203125 0.0703125
2 0.71640625 0.39140625 0.0205078125 0.0767578125
2 0.74765625 0.3703125 0.0169921875 0.0751953125
2 0.3578125 0.8078125 0.022265625 0.125
2 0.76484375 0.440625 0.0232421875 0.081640625
2 0.28828125 0.47265625 0.0169921875 0.0923828125
1 0.55234375 0.46328125 0.0169921875 0.0875
2 0.40234375 0.496875 0.021875 0.0873046875
1 0.65703125 0.20234375 0.0140625 0.0517578125
3 0.171875 0.38125 0.009375 0.0158203125