1 0.43984375 0.265625 0.009375 0.0279296875
2 0.11875 0.36796875 0.0064453125 0.0359375
3 0.3796875 0.765625 0.009375 0.0123046875
0 0.7390625 0.3828125 0.008984375 0.040234375
2 0.4046875 0.3140625 0.008984375 0.0376953125
2 0.49375 0.33203125 0.012109375 0.0359375
2 0.475 0.68828125 0.018359375 0.06875
2 0.58203125 0.40625 0.0138671875 0.043359375
2 0.48203125 0.7109375 0.01875 0.065625
2 0.62734375 0.46484375 0.0138671875 0.04375
1 0.578125 0.559375 0.0123046875 0.05625
2 0.5890625 0.52265625 0.0154296875 0.0576171875
2 0.13671875 0.83046875 0.0138671875 0.075
2 0.54609375 0.396875 0.0076171875 0.04375
2 0.375 0.4390625 0.0095703125 0.0470703125
2 0.765625 0.77421875 0.0154296875 0.0673828125
2 0.4 0.428125 0.0154296875 0.04375
2 0.14140625 0.5078125 0.0142578125 0.0533203125
2 0.68828125 0.51171875 0.0142578125 0.0486328125
2 0.30078125 0.5890625 0.0205078125 0.0529296875
2 0.675 0.58984375 0.0189453125 0.0578125
2 0.75 0.70859375 0.018359375 0.06875
2 0.61640625 0.67265625 0.01875 0.0671875
2 0.58125 0.53984375 0.0126953125 0.0576171875