2 0.48359375 0.2640625 0.00625 0.0310546875
2 0.57109375 0.36171875 0.0078125 0.0390625
2 0.27109375 0.30625 0.0076171875 0.030859375
2 0.42890625 0.36953125 0.009375 0.0419921875
2 0.52109375 0.2890625 0.0080078125 0.0341796875
2 0.40625 0.359375 0.009375 0.0373046875
2 0.58359375 0.390625 0.0080078125 0.049609375
0 0.7609375 0.36953125 0.0126953125 0.0451171875
2 0.2625 0.415625 0.0091796875 0.043359375
2 0.59375 0.4 0.0091796875 0.0466796875
2 0.61875 0.42265625 0.009375 0.0455078125
2 0.51640625 0.409375 0.0080078125 0.0408203125
2 0.44453125 0.42890625 0.0125 0.0421875
2 0.63359375 0.43515625 0.0107421875 0.046875
1 0.59140625 0.48359375 0.0107421875 0.05
2 0.24140625 0.51875 0.0169921875 0.0408203125
2 0.6125 0.54375 0.0095703125 0.05625
2 0.79296875 0.77265625 0.0169921875 0.065625
2 0.1734375 0.42890625 0.015625 0.0484375
2 0.68828125 0.54140625 0.0140625 0.053125
1 0.08125 0.98984375 0.0189453125 0.0201171875
2 0.49609375 0.609375 0.0169921875 0.062109375
2 0.278125 0.67265625 0.015625 0.071875
1 0.48671875 0.24296875 0.0078125 0.028125
3 0.228125 0.490625 0.005859375 0.0095703125