2 0.7546875 0.29609375 0.009375 0.0328125
2 0.6203125 0.32578125 0.0123046875 0.0392578125
2 0.47265625 0.56875 0.015625 0.0595703125
0 0.28671875 0.40546875 0.0138671875 0.0544921875
2 0.76953125 0.3984375 0.0171875 0.0470703125
2 0.36171875 0.5671875 0.0236328125 0.0623046875
2 0.55625 0.38984375 0.0125 0.046875
2 0.31796875 0.621875 0.021875 0.062890625
2 0.48515625 0.76171875 0.0294921875 0.0767578125
2 0.49921875 0.4140625 0.0169921875 0.05
2 0.51484375 0.61328125 0.0234375 0.0701171875
2 0.72578125 0.39609375 0.0169921875 0.05
2 0.30078125 0.75546875 0.0201171875 0.0796875
2 0.2734375 0.8484375 0.027734375 0.0779296875
2 0.953125 0.7078125 0.0154296875 0.0716796875
2 0.41875 0.5484375 0.024609375 0.0654296875
2 0.8765625 0.5921875 0.015234375 0.065234375
1 0.56328125 0.54453125 0.0201171875 0.0611328125
2 0.5109375 0.7296875 0.028515625 0.06875
2 0.3609375 0.54765625 0.0125 0.05625
3 0.48203125 0.7859375 0.0080078125 0.0185546875
1 0.6640625 0.25078125 0.009375 0.0328125