3 0.89765625 0.46328125 0.00625 0.0125
2 0.621875 0.31953125 0.0095703125 0.0484375
2 0.57421875 0.20390625 0.0076171875 0.03125
2 0.80546875 0.24765625 0.0080078125 0.0361328125
2 0.51328125 0.23046875 0.0111328125 0.0361328125
2 0.46015625 0.31171875 0.0080078125 0.0484375
0 0.24765625 0.30234375 0.009375 0.0484375
2 0.440625 0.3265625 0.012109375 0.0466796875
2 0.928125 0.36328125 0.0125 0.04375
2 0.4296875 0.38515625 0.0126953125 0.0546875
2 0.3828125 0.42265625 0.0126953125 0.0607421875
2 0.39609375 0.3703125 0.0078125 0.0498046875
2 0.61328125 0.3421875 0.0109375 0.047265625
2 0.4859375 0.409375 0.009375 0.0498046875
2 0.20703125 0.73203125 0.0169921875 0.0705078125
2 0.7765625 0.42265625 0.0125 0.0486328125
2 0.35078125 0.50859375 0.015625 0.0669921875
2 0.665625 0.653125 0.018359375 0.08125
1 0.43828125 0.4703125 0.0140625 0.0626953125
2 0.43828125 0.6078125 0.015625 0.0716796875
2 0.57734375 0.46015625 0.0111328125 0.0642578125
2 0.825 0.58046875 0.0158203125 0.0673828125
2 0.99453125 0.9796875 0.0109375 0.0404296875
2 0.34453125 0.5890625 0.0201171875 0.072265625
1 0.56796875 0.16796875 0.0109375 0.0392578125