3 0.8578125 0.50234375 0.00625 0.0138671875
2 0.5703125 0.35234375 0.0095703125 0.05
2 0.52109375 0.2328125 0.0076171875 0.033984375
2 0.76171875 0.278125 0.009375 0.0376953125
2 0.4578125 0.26015625 0.0125 0.0388671875
2 0.40234375 0.3453125 0.009375 0.05
0 0.18046875 0.334375 0.0107421875 0.05
2 0.38203125 0.36015625 0.0111328125 0.0482421875
2 0.8890625 0.3984375 0.0126953125 0.0466796875
2 0.3703125 0.42109375 0.0126953125 0.0576171875
2 0.32109375 0.46015625 0.0138671875 0.0625
2 0.33515625 0.40546875 0.0078125 0.0515625
2 0.56171875 0.3765625 0.0109375 0.05
2 0.42890625 0.44609375 0.0107421875 0.0515625
2 0.1390625 0.78203125 0.016015625 0.0736328125
2 0.73125 0.46015625 0.0126953125 0.0515625
2 0.28828125 0.55 0.0169921875 0.06875
2 0.615625 0.69921875 0.0185546875 0.084375
1 0.37890625 0.51015625 0.0142578125 0.065625
2 0.3796875 0.653125 0.0158203125 0.0748046875
2 0.52421875 0.49921875 0.0125 0.0673828125
2 0.78125 0.62421875 0.018359375 0.0705078125
2 0.28125 0.6328125 0.019140625 0.077734375
1 0.5140625 0.1953125 0.009765625 0.0408203125