2 0.334375 0.04296875 0.0095703125 0.0482421875
2 0.47421875 0.2078125 0.009375 0.0564453125
2 0.02421875 0.1328125 0.0138671875 0.0501953125
3 0.06171875 0.58203125 0.0109375 0.0169921875
2 0.41015625 0.11484375 0.0142578125 0.0486328125
0 0.79375 0.22578125 0.0154296875 0.0671875
2 0.49375 0.22734375 0.0126953125 0.0611328125
2 0.26796875 0.26328125 0.0111328125 0.0701171875
2 0.47578125 0.27265625 0.0173828125 0.0671875
2 0.36015625 0.26328125 0.0125 0.0580078125
2 0.28359375 0.240625 0.0140625 0.0716796875
2 0.49609375 0.38046875 0.01875 0.0732421875
2 0.565625 0.375 0.0154296875 0.075
2 0.17734375 0.42421875 0.0232421875 0.0859375
2 0.07890625 0.3140625 0.01875 0.072265625
1 0.4453125 0.378125 0.0158203125 0.074609375
2 0.20625 0.56796875 0.0248046875 0.0826171875
2 0.671875 0.6546875 0.0220703125 0.097265625
2 0.003125 0.68203125 0.00625 0.1048828125
2 0.55390625 0.934375 0.0326171875 0.109375
2 0.11015625 0.45859375 0.0357421875 0.078125
2 0.51171875 0.48046875 0.0169921875 0.0798828125