1 0.14765625 0.13359375 0.009375 0.0330078125
0 0.99375 0.29609375 0.0125 0.0517578125
2 0.5484375 0.159375 0.0091796875 0.03125
2 0.121875 0.19921875 0.0126953125 0.0421875
1 0.225 0.38046875 0.01875 0.0548828125
2 0.071875 0.40078125 0.019140625 0.0517578125
2 0.2265625 0.4328125 0.021484375 0.066015625
2 0.28671875 0.25078125 0.0169921875 0.0484375
2 0.384375 0.40625 0.012109375 0.059375
2 0.309375 0.23984375 0.012109375 0.0484375
2 0.05 0.29921875 0.018359375 0.053125
2 0.08359375 0.28984375 0.0140625 0.0484375
2 0.3984375 0.3359375 0.0154296875 0.0501953125
2 0.003125 0.39375 0.00625 0.059375
2 0.66015625 0.28984375 0.0109375 0.0486328125
2 0.3734375 0.5140625 0.015625 0.071484375
2 0.06484375 0.95390625 0.0294921875 0.0919921875
1 0.971875 0.9765625 0.03125 0.046875
2 0.0640625 0.7140625 0.027734375 0.084375
2 0.44453125 0.64609375 0.0357421875 0.084375
2 0.2296875 0.15 0.0095703125 0.046875
3 0.43125 0.6796875 0.009375 0.016015625