2 0.584375 0.3453125 0.0091796875 0.0408203125
2 0.4984375 0.30859375 0.0091796875 0.0361328125
2 0.346875 0.3203125 0.0091796875 0.0283203125
2 0.61875 0.38203125 0.0123046875 0.0453125
0 0.82578125 0.3640625 0.0080078125 0.0435546875
2 0.4453125 0.3125 0.009375 0.034375
2 0.521875 0.3203125 0.006640625 0.0375
2 0.56328125 0.34921875 0.0080078125 0.0375
2 0.3765625 0.39765625 0.0095703125 0.0419921875
2 0.51328125 0.39453125 0.0109375 0.0484375
1 0.46953125 0.34609375 0.009375 0.0388671875
2 0.33515625 0.31953125 0.0078125 0.0357421875
2 0.096875 0.4171875 0.009375 0.0408203125
2 0.50390625 0.4265625 0.0111328125 0.0466796875
2 0.63203125 0.39765625 0.0109375 0.0455078125
2 0.6125 0.4828125 0.0125 0.0498046875
2 0.671875 0.44296875 0.009375 0.0544921875
2 0.21953125 0.453125 0.0107421875 0.050390625
2 0.7015625 0.4390625 0.015234375 0.046875
2 0.5796875 0.64140625 0.0123046875 0.0611328125
2 0.08671875 0.47265625 0.0125 0.0517578125
2 0.05234375 0.51953125 0.0140625 0.05
1 0.10625 0.321875 0.009375 0.034375