2 0.16015625 0.6546875 0.0138671875 0.052734375
2 0.2859375 0.49609375 0.0158203125 0.0482421875
2 0.3109375 0.43828125 0.009375 0.0451171875
2 0.25859375 0.50703125 0.0107421875 0.05
2 0.43125 0.475 0.009375 0.0470703125
3 0.40078125 0.7328125 0.0076171875 0.0126953125
2 0.8015625 0.48671875 0.015234375 0.0640625
2 0.48046875 0.44296875 0.0125 0.05
2 0.1546875 0.69765625 0.0189453125 0.065625
2 0.17109375 0.5421875 0.0142578125 0.052734375
2 0.70546875 0.63359375 0.0109375 0.0640625
2 0.57265625 0.5328125 0.015625 0.0595703125
1 0.825 0.98359375 0.03125 0.0328125
1 0.39921875 0.53046875 0.0111328125 0.0546875
2 0.1796875 0.70703125 0.01875 0.0671875
2 0.80546875 0.78046875 0.0205078125 0.0734375
2 0.35078125 0.6734375 0.0201171875 0.059375
2 0.61015625 0.35703125 0.0109375 0.0421875
2 0.37265625 0.7015625 0.0267578125 0.06875
2 0.14609375 0.64453125 0.015625 0.053125
0 0.2140625 0.36640625 0.015234375 0.0419921875
2 0.434375 0.36328125 0.0095703125 0.040625
2 0.31328125 0.425 0.0125 0.037890625
1 0.48203125 0.253125 0.0107421875 0.028125