2 0.2671875 0.30234375 0.0095703125 0.0482421875
2 0.12890625 0.46484375 0.009375 0.0576171875
2 0.57421875 0.39140625 0.0138671875 0.05
3 0.5375 0.83515625 0.012109375 0.0169921875
2 0.1921875 0.37265625 0.015234375 0.0484375
2 0.11015625 0.484375 0.0138671875 0.062109375
2 0.33359375 0.51953125 0.0111328125 0.06875
2 0.78515625 0.6125 0.0171875 0.0751953125
2 0.12734375 0.52890625 0.0171875 0.0669921875
2 0.24140625 0.51953125 0.0125 0.0578125
2 0.31796875 0.49765625 0.0140625 0.0703125
2 0.10703125 0.6359375 0.0173828125 0.071875
2 0.03828125 0.63046875 0.0140625 0.0736328125
2 0.42265625 0.67890625 0.0232421875 0.0857421875
2 0.51953125 0.5703125 0.0173828125 0.0720703125
1 0.1578125 0.63359375 0.015625 0.0732421875
2 0.39375 0.821875 0.0248046875 0.08125
2 0.60390625 0.934375 0.0236328125 0.1033203125
2 0.4890625 0.7125 0.0345703125 0.0779296875
2 0.09140625 0.734375 0.015625 0.080859375