2 0.61328125 0.2328125 0.0107421875 0.0375
2 0.996875 0.49296875 0.00625 0.0669921875
2 0.46015625 0.2671875 0.0138671875 0.046484375
2 0.29296875 0.54375 0.0171875 0.06875
0 0.08046875 0.3578125 0.015625 0.059765625
2 0.6296875 0.34921875 0.0189453125 0.0546875
2 0.959375 0.2875 0.0095703125 0.040625
2 0.165625 0.54140625 0.028125 0.0703125
2 0.3875 0.33984375 0.0154296875 0.053125
2 0.11640625 0.60390625 0.025 0.0732421875
2 0.30625 0.7625 0.031640625 0.0876953125
2 0.32265625 0.3671875 0.01875 0.0564453125
2 0.340625 0.59453125 0.0279296875 0.0794921875
2 0.5796875 0.346875 0.0185546875 0.0564453125
2 0.096875 0.75546875 0.021875 0.090625
2 0.06640625 0.8609375 0.0296875 0.0876953125
2 0.8390625 0.7015625 0.0158203125 0.0810546875
2 0.23125 0.5203125 0.0279296875 0.0748046875
2 0.7515625 0.5703125 0.0158203125 0.0720703125
1 0.3953125 0.515625 0.021875 0.069140625
2 0.3359375 0.72578125 0.0341796875 0.078125
2 0.165625 0.51953125 0.0154296875 0.0638671875
3 0.303125 0.790625 0.009375 0.0216796875
1 0.51015625 0.18125 0.0107421875 0.0375