2 0.13359375 0.59140625 0.0138671875 0.0515625
2 0.259375 0.434375 0.0158203125 0.0470703125
2 0.28359375 0.37734375 0.009375 0.0451171875
2 0.23203125 0.4453125 0.0107421875 0.0498046875
2 0.403125 0.41328125 0.009375 0.0482421875
3 0.3734375 0.66953125 0.0064453125 0.0138671875
2 0.77109375 0.425 0.0140625 0.062890625
2 0.45234375 0.38203125 0.0125 0.0486328125
2 0.12890625 0.634375 0.0201171875 0.0654296875
2 0.14453125 0.48046875 0.0142578125 0.0515625
2 0.67578125 0.57109375 0.0109375 0.0640625
2 0.54375 0.47109375 0.015625 0.059375
1 0.79453125 0.94375 0.03125 0.084375
1 0.371875 0.46875 0.0123046875 0.055859375
2 0.153125 0.64375 0.01875 0.068359375
2 0.775 0.71640625 0.0216796875 0.0732421875
2 0.3234375 0.6109375 0.01875 0.0591796875
2 0.58046875 0.296875 0.0109375 0.043359375
2 0.3453125 0.6375 0.0279296875 0.0685546875
2 0.1203125 0.58203125 0.015625 0.0517578125
0 0.18828125 0.30625 0.0140625 0.0408203125
2 0.40625 0.30234375 0.0095703125 0.0392578125
2 0.28671875 0.3640625 0.0125 0.040234375
1 0.45390625 0.19375 0.0107421875 0.028125