2 0.4015625 0.15390625 0.0091796875 0.0388671875
2 0.5125 0.27734375 0.009375 0.0486328125
2 0.134375 0.2078125 0.009375 0.0375
2 0.33359375 0.2875 0.0111328125 0.0529296875
2 0.4484375 0.1859375 0.0095703125 0.041015625
2 0.3046875 0.27421875 0.0123046875 0.0455078125
2 0.52890625 0.3140625 0.0109375 0.059765625
0 0.7515625 0.2875 0.0158203125 0.0560546875
2 0.12265625 0.34609375 0.0107421875 0.053125
2 0.54140625 0.32578125 0.0109375 0.0578125
2 0.57265625 0.3546875 0.0111328125 0.058984375
2 0.44296875 0.3375 0.0107421875 0.0529296875
2 0.35234375 0.36171875 0.0169921875 0.053125
2 0.59140625 0.3703125 0.0138671875 0.059375
1 0.53828125 0.43125 0.0138671875 0.0626953125
2 0.09609375 0.475 0.0203125 0.0529296875
2 0.56484375 0.50703125 0.0125 0.0703125
2 0.7921875 0.7953125 0.021484375 0.083984375
2 0.0109375 0.36171875 0.0189453125 0.0609375
2 0.66015625 0.50390625 0.0171875 0.0671875
2 0.41796875 0.5890625 0.0205078125 0.077734375
2 0.14296875 0.66875 0.0201171875 0.090625
1 0.40625 0.128125 0.009375 0.037109375
3 0.0796875 0.43984375 0.00625 0.0125