2 0.15078125 0.125 0.0109375 0.055859375
2 0.26328125 0.0765625 0.0109375 0.0470703125
2 0.46171875 0.09296875 0.0109375 0.0375
2 0.10625 0.1734375 0.015625 0.0591796875
2 0.33203125 0.08203125 0.0111328125 0.0451171875
2 0.23203125 0.09296875 0.0107421875 0.0486328125
2 0.178125 0.13046875 0.012109375 0.0486328125
2 0.42265625 0.19375 0.0138671875 0.055859375
2 0.24375 0.1890625 0.012890625 0.0625
1 0.30078125 0.12578125 0.0111328125 0.05
2 0.47578125 0.09140625 0.0107421875 0.0455078125
2 0.7875 0.21875 0.0123046875 0.055859375
2 0.25546875 0.23125 0.015625 0.0595703125
2 0.08828125 0.19375 0.0140625 0.0595703125
2 0.1140625 0.3046875 0.0158203125 0.065234375
2 0.0359375 0.253125 0.0125 0.0689453125
2 0.628125 0.265625 0.0126953125 0.068359375
2 0.00390625 0.246875 0.0076171875 0.0623046875
2 0.15703125 0.5109375 0.0142578125 0.08125
2 0.80078125 0.29140625 0.0169921875 0.06875
2 0.8453125 0.35234375 0.0185546875 0.065625
1 0.77578125 0.09453125 0.0111328125 0.0451171875