1 0.4796875 0.021875 0.0123046875 0.0408203125
2 0.74921875 0.10859375 0.009375 0.0419921875
2 0.4234375 0.10703125 0.0154296875 0.0482421875
2 0.35625 0.20546875 0.0123046875 0.0576171875
2 0.53203125 0.215625 0.0140625 0.0560546875
2 0.54921875 0.25078125 0.0125 0.0669921875
2 0.38828125 0.184375 0.0080078125 0.0529296875
0 0.05703125 0.21640625 0.0169921875 0.065625
2 0.4421875 0.403125 0.0185546875 0.075
2 0.5953125 0.3609375 0.015234375 0.0810546875
2 0.8046875 0.29453125 0.015234375 0.0640625
2 0.4046875 0.25859375 0.0158203125 0.059375
1 0.37578125 0.3703125 0.0205078125 0.06875
2 0.365625 0.25703125 0.015625 0.065625
2 0.79375 0.54453125 0.015625 0.0861328125
2 0.4078125 0.859375 0.021875 0.099609375
2 0.26015625 0.37265625 0.0169921875 0.0763671875
2 0.55078125 0.40703125 0.0173828125 0.0763671875
2 0.25234375 0.6328125 0.0296875 0.1029296875
2 0.359375 0.42421875 0.0248046875 0.078125
2 0.87578125 0.55703125 0.0203125 0.0923828125
2 0.4625 0.03515625 0.0123046875 0.0419921875