2 0.65546875 0.2171875 0.0080078125 0.0345703125
2 0.309375 0.30078125 0.0095703125 0.0513671875
2 0.55 0.20625 0.0123046875 0.0341796875
2 0.59140625 0.21875 0.0078125 0.0345703125
1 0.8984375 0.24921875 0.0095703125 0.0361328125
2 0.41171875 0.20390625 0.0107421875 0.0326171875
2 0.45390625 0.20234375 0.0107421875 0.0357421875
2 0.4 0.25546875 0.012109375 0.0390625
2 0.30859375 0.32890625 0.0107421875 0.053125
2 0.36015625 0.25234375 0.009375 0.0451171875
0 0.1 0.28828125 0.0095703125 0.0486328125
2 0.921875 0.40703125 0.0091796875 0.0580078125
2 0.87578125 0.3171875 0.0125 0.0439453125
2 0.68203125 0.30078125 0.0140625 0.0482421875
2 0.41171875 0.31015625 0.0109375 0.0513671875
1 0.47734375 0.25234375 0.0107421875 0.0419921875
2 0.2609375 0.36875 0.0125 0.05625
2 0.921875 0.4875 0.01875 0.059375
2 0.5046875 0.35078125 0.0125 0.053125
2 0.3328125 0.40625 0.0125 0.0560546875
2 0.23984375 0.3640625 0.0140625 0.053515625
2 0.7703125 0.38125 0.0125 0.055859375
2 0.3203125 0.58828125 0.0154296875 0.071875
3 0.4578125 0.20859375 0.0033203125 0.00625