2 0.6265625 0.16328125 0.0125 0.04375
2 0.7625 0.20390625 0.01875 0.0390625
2 0.70625 0.17578125 0.009375 0.0326171875
2 0.61328125 0.17890625 0.0080078125 0.0453125
2 0.56484375 0.18203125 0.009375 0.0388671875
2 0.8484375 0.36484375 0.0123046875 0.059375
2 0.59453125 0.346875 0.0111328125 0.059375
2 0.5859375 0.2015625 0.0091796875 0.04375
1 0.590625 0.29140625 0.0095703125 0.0513671875
2 0.96015625 0.21328125 0.0142578125 0.0455078125
2 0.51484375 0.24609375 0.0142578125 0.0423828125
2 0.95390625 0.28125 0.0111328125 0.056640625
2 0.45390625 0.2109375 0.009375 0.04375
2 0.26328125 0.384375 0.0109375 0.0560546875
2 0.48984375 0.2609375 0.0236328125 0.0529296875
2 0.36171875 0.28125 0.009375 0.0560546875
2 0.75234375 0.253125 0.0109375 0.044140625
2 0.86328125 0.46484375 0.0111328125 0.0638671875
2 0.90234375 0.371875 0.0125 0.0595703125
2 0.4015625 0.32265625 0.0158203125 0.0576171875
0 0.10390625 0.29375 0.0140625 0.056640625
2 0.459375 0.475 0.0158203125 0.069140625
3 0.69921875 0.18828125 0.0046875 0.0107421875
1 0.475 0.1484375 0.009375 0.040234375