2 0.53359375 0.25390625 0.0109375 0.0388671875
2 0.65078125 0.2890625 0.0169921875 0.034375
2 0.60234375 0.26484375 0.0078125 0.028125
2 0.521875 0.2671875 0.0064453125 0.040234375
2 0.48046875 0.2703125 0.0078125 0.033984375
2 0.725 0.428125 0.0095703125 0.0501953125
2 0.50546875 0.4125 0.0107421875 0.0501953125
2 0.4984375 0.28671875 0.0064453125 0.0388671875
1 0.50234375 0.36484375 0.009375 0.04375
2 0.82109375 0.296875 0.0138671875 0.0404296875
2 0.43671875 0.32578125 0.0138671875 0.0361328125
2 0.815625 0.35625 0.0095703125 0.05
2 0.384375 0.2953125 0.006640625 0.0376953125
2 0.2203125 0.4453125 0.009375 0.0470703125
2 0.415625 0.33828125 0.0216796875 0.0453125
2 0.3046875 0.35625 0.008984375 0.0470703125
2 0.6421875 0.33125 0.009375 0.037890625
2 0.7375 0.51484375 0.0095703125 0.0546875
2 0.771875 0.434375 0.012109375 0.0529296875
2 0.3390625 0.39140625 0.015234375 0.0486328125
0 0.0828125 0.3671875 0.0125 0.05
2 0.3890625 0.5234375 0.015234375 0.059765625
3 0.59609375 0.27578125 0.0044921875 0.009375
1 0.40234375 0.240625 0.0078125 0.034375