1 0.3453125 0.23203125 0.0064453125 0.0263671875
0 0.99453125 0.35625 0.0107421875 0.0404296875
2 0.653125 0.2515625 0.00625 0.022265625
2 0.32578125 0.28203125 0.0107421875 0.0326171875
1 0.4046875 0.421875 0.015234375 0.0435546875
2 0.28671875 0.4375 0.015625 0.0404296875
2 0.40546875 0.46171875 0.015625 0.0515625
2 0.4515625 0.321875 0.0125 0.0373046875
2 0.5265625 0.44140625 0.0091796875 0.0453125
2 0.46875 0.31328125 0.0091796875 0.0361328125
2 0.26953125 0.35859375 0.0138671875 0.040625
0 0.01640625 0.41171875 0.01875 0.0453125
2 0.29609375 0.35234375 0.0109375 0.0361328125
2 0.5375 0.3875 0.012109375 0.037890625
2 0.228125 0.43125 0.0158203125 0.044140625
2 0.73828125 0.3515625 0.0080078125 0.0376953125
2 0.20625 0.5578125 0.021875 0.0498046875
2 0.20546875 0.496875 0.0205078125 0.050390625
2 0.51796875 0.52421875 0.0111328125 0.0544921875
2 0.28125 0.8625 0.021875 0.069140625
1 0.97890625 0.90390625 0.0234375 0.0830078125
2 0.28046875 0.678125 0.0203125 0.0654296875
2 0.57265625 0.62578125 0.0265625 0.0642578125
2 0.19140625 0.57734375 0.0265625 0.0486328125
2 0.4078125 0.24453125 0.008984375 0.0359375
3 0.5625 0.65078125 0.0064453125 0.0138671875