2 0.746875 0.25234375 0.0123046875 0.0455078125
2 0.2921875 0.3625 0.0126953125 0.0658203125
2 0.6078125 0.23828125 0.0154296875 0.0451171875
2 0.6625 0.25546875 0.0095703125 0.0455078125
2 0.4265625 0.2359375 0.015234375 0.041015625
2 0.48203125 0.23359375 0.0140625 0.0455078125
2 0.41171875 0.30234375 0.0140625 0.0515625
2 0.29140625 0.4 0.0138671875 0.069140625
2 0.35859375 0.29921875 0.0125 0.0578125
0 0.0171875 0.34609375 0.015234375 0.0642578125
2 0.78203125 0.3625 0.0173828125 0.0625
2 0.4265625 0.375 0.015234375 0.0658203125
1 0.51328125 0.2984375 0.0138671875 0.0533203125
2 0.228125 0.45234375 0.015625 0.0736328125
2 0.5484375 0.428125 0.015625 0.069140625
2 0.3234375 0.5015625 0.015625 0.0720703125
2 0.2015625 0.4453125 0.0185546875 0.071875
2 0.89765625 0.46796875 0.0169921875 0.071875
2 0.30703125 0.740625 0.0201171875 0.0939453125
3 0.48671875 0.24140625 0.0048828125 0.0078125