1 0.546875 0.28671875 0.012109375 0.0296875
2 0.190625 0.4 0.006640625 0.0404296875
3 0.48046875 0.84140625 0.0109375 0.0138671875
0 0.878125 0.41640625 0.0091796875 0.0423828125
2 0.5078125 0.340625 0.0091796875 0.043359375
2 0.60703125 0.36015625 0.0111328125 0.0392578125
2 0.5859375 0.75546875 0.0189453125 0.0765625
2 0.7046875 0.4421875 0.015234375 0.046875
2 0.59296875 0.78046875 0.0203125 0.0734375
2 0.7546875 0.5078125 0.015234375 0.047265625
1 0.7 0.61171875 0.0126953125 0.0611328125
2 0.7125 0.571875 0.0158203125 0.0626953125
2 0.21015625 0.91328125 0.0142578125 0.0828125
2 0.66484375 0.43203125 0.0078125 0.0484375
2 0.475 0.47890625 0.012109375 0.053125
2 0.9078125 0.85 0.0158203125 0.075
2 0.503125 0.46640625 0.018359375 0.0484375
2 0.21640625 0.55546875 0.0169921875 0.0607421875
2 0.821875 0.559375 0.018359375 0.055859375
2 0.39296875 0.6453125 0.0232421875 0.058984375
2 0.80703125 0.64609375 0.021875 0.0640625
2 0.88984375 0.77734375 0.0201171875 0.0765625
2 0.7421875 0.7375 0.021484375 0.0748046875
2 0.703125 0.590625 0.012890625 0.0626953125