1 0.571875 0.07734375 0.012109375 0.0392578125
2 0.31328125 0.16015625 0.009375 0.0392578125
3 0.046875 0.459375 0.006640625 0.0125
2 0.6265625 0.15859375 0.015234375 0.0453125
2 0.690625 0.253125 0.0123046875 0.055859375
2 0.521875 0.26328125 0.0126953125 0.0544921875
2 0.50546875 0.296875 0.0125 0.062890625
2 0.66015625 0.2328125 0.0080078125 0.05
0 0.978125 0.2640625 0.015625 0.0625
2 0.6078125 0.44375 0.016015625 0.071875
2 0.4609375 0.403125 0.0126953125 0.0779296875
2 0.259375 0.3390625 0.0126953125 0.0623046875
2 0.64375 0.3046875 0.0158203125 0.0564453125
1 0.671875 0.41171875 0.019140625 0.0669921875
2 0.68203125 0.303125 0.0142578125 0.0625
2 0.26953125 0.5796875 0.0142578125 0.0841796875
2 0.64140625 0.88203125 0.0205078125 0.0951171875
2 0.78359375 0.4140625 0.0169921875 0.072265625
2 0.50390625 0.44765625 0.0171875 0.0734375
2 0.790625 0.6640625 0.028125 0.097265625
2 0.68828125 0.46328125 0.0234375 0.075
2 0.0140625 0.403125 0.028125 0.06875
2 0.19140625 0.59140625 0.0201171875 0.0890625
2 0.5890625 0.08984375 0.009765625 0.0392578125