2 0.5640625 0.19140625 0.0154296875 0.040625
2 0.68203125 0.259375 0.0138671875 0.053125
2 0.6953125 0.30859375 0.009765625 0.0609375
2 0.8578125 0.36015625 0.0216796875 0.06875
2 0.25625 0.259375 0.0185546875 0.0560546875
2 0.78203125 0.4125 0.0294921875 0.068359375
2 0.47421875 0.26484375 0.0107421875 0.0546875
2 0.81640625 0.28203125 0.0173828125 0.059375
2 0.49921875 0.3359375 0.0140625 0.0658203125
2 0.51015625 0.3390625 0.0140625 0.065625
2 0.73203125 0.30625 0.01875 0.0560546875
2 0.85859375 0.4015625 0.0171875 0.078125
2 0.7453125 0.384375 0.0154296875 0.0716796875
2 0.7578125 0.44375 0.022265625 0.074609375
2 0.54453125 0.45234375 0.015625 0.0765625
2 0.075 0.46953125 0.019140625 0.078125
1 0.6765625 0.3640625 0.015234375 0.0716796875
0 0.071875 0.31171875 0.015625 0.0611328125
2 0.46875 0.734375 0.018359375 0.106640625
2 0.8734375 0.425 0.0189453125 0.0779296875
2 0.78203125 0.60625 0.025 0.094140625
1 0.81328125 0.19453125 0.0111328125 0.0455078125
3 0.27421875 0.2828125 0.00625 0.0123046875
2 0.67421875 0.2203125 0.0125 0.0470703125