2 0.78359375 0.4125 0.0078125 0.04375
2 0.81640625 0.37734375 0.0111328125 0.0423828125
2 0.11640625 0.45546875 0.0169921875 0.05
2 0.88984375 0.48984375 0.015625 0.0546875
2 0.5921875 0.353125 0.0091796875 0.037890625
2 0.7484375 0.39765625 0.0064453125 0.04375
2 0.77734375 0.48671875 0.0140625 0.0607421875
2 0.5734375 0.425 0.0095703125 0.0529296875
2 0.3984375 0.31171875 0.008984375 0.040625
0 0.203125 0.36484375 0.009375 0.04375
1 0.67890625 0.425 0.0138671875 0.05
2 0.7515625 0.49609375 0.0091796875 0.0548828125
2 0.58515625 0.4296875 0.0078125 0.05
2 0.88046875 0.54375 0.0169921875 0.069140625
2 0.81640625 0.65234375 0.015625 0.0736328125
2 0.5515625 0.66796875 0.015234375 0.0763671875
2 0.8328125 0.56875 0.0123046875 0.0658203125
2 0.60078125 0.5109375 0.0171875 0.058984375
2 0.88984375 0.47265625 0.0142578125 0.0546875
2 0.878125 0.3953125 0.0154296875 0.052734375
2 0.80390625 0.3359375 0.0125 0.0466796875
1 0.87421875 0.303125 0.0109375 0.0408203125
2 0.6796875 0.30078125 0.009375 0.0359375
3 0.1546875 0.46796875 0.0060546875 0.0109375