2 0.365625 0.2375 0.0158203125 0.055859375
2 0.31640625 0.1984375 0.0111328125 0.0498046875
2 0.2234375 0.23984375 0.0216796875 0.0548828125
2 0.240625 0.209375 0.0123046875 0.0560546875
2 0.32421875 0.24765625 0.0142578125 0.05625
2 0.8859375 0.325 0.0158203125 0.0689453125
2 0.4796875 0.1859375 0.025 0.047265625
2 0.209375 0.24765625 0.012890625 0.0580078125
2 0.36484375 0.32890625 0.0169921875 0.065625
2 0.23828125 0.3984375 0.0236328125 0.078125
2 0.74375 0.2015625 0.0185546875 0.052734375
2 0.86796875 0.31796875 0.0142578125 0.0669921875
2 0.5796875 0.26640625 0.01875 0.065625
2 0.28125 0.3609375 0.0341796875 0.0623046875
2 0.828125 0.25703125 0.015625 0.0625
1 0.546875 0.23828125 0.0158203125 0.0607421875
2 0.30234375 0.38671875 0.0267578125 0.0794921875
2 0.51328125 0.4578125 0.0203125 0.083984375
2 0.8765625 0.36875 0.0220703125 0.080859375
2 0.44296875 0.33203125 0.01875 0.0673828125
2 0.67265625 0.2578125 0.0232421875 0.0591796875
3 0.31328125 0.21875 0.0048828125 0.0095703125