1 0.77890625 0.209375 0.0109375 0.043359375
2 0.61484375 0.23203125 0.0109375 0.0455078125
2 0.53515625 0.29296875 0.0109375 0.0546875
2 0.77421875 0.31015625 0.0138671875 0.0625
2 0.82109375 0.36171875 0.0171875 0.065625
2 0.43359375 0.2765625 0.0111328125 0.053515625
2 0.53125 0.34609375 0.0154296875 0.0625
2 0.4921875 0.34609375 0.0123046875 0.0640625
2 0.70234375 0.38671875 0.0140625 0.0671875
2 0.7109375 0.3296875 0.015234375 0.05625
2 0.81328125 0.40078125 0.015625 0.0734375
2 0.8671875 0.4609375 0.0154296875 0.0810546875
2 0.48828125 0.40625 0.021875 0.06875
0 0.0421875 0.33125 0.0154296875 0.0625
2 0.2921875 0.2734375 0.0123046875 0.0564453125
1 0.65546875 0.3671875 0.0138671875 0.06875
2 0.50625 0.46796875 0.018359375 0.0767578125
2 0.80625 0.49375 0.0216796875 0.078125
2 0.86015625 0.58984375 0.0171875 0.0875
2 0.06171875 0.48828125 0.0173828125 0.084375
2 0.47890625 0.78671875 0.0236328125 0.1169921875
2 0.59453125 0.3078125 0.0138671875 0.059375
2 0.496875 0.2109375 0.012890625 0.0466796875
3 0.059375 0.35234375 0.0064453125 0.0140625