2 0.3890625 0.3015625 0.0154296875 0.05
2 0.34375 0.26640625 0.012109375 0.0453125
0 0.028125 0.2859375 0.012890625 0.0498046875
2 0.25703125 0.30390625 0.0201171875 0.0515625
2 0.27265625 0.27578125 0.0109375 0.0515625
2 0.35 0.3109375 0.012890625 0.0529296875
2 0.87265625 0.3828125 0.015625 0.0654296875
2 0.4953125 0.25390625 0.022265625 0.0451171875
2 0.24375 0.3109375 0.0126953125 0.0533203125
2 0.38828125 0.38671875 0.0142578125 0.0609375
2 0.2703125 0.4515625 0.0220703125 0.071875
2 0.740625 0.26875 0.0158203125 0.0470703125
2 0.85546875 0.3765625 0.0140625 0.0623046875
2 0.5875 0.32890625 0.018359375 0.0609375
2 0.31015625 0.41640625 0.03125 0.0576171875
2 0.81875 0.31953125 0.012890625 0.0578125
1 0.5578125 0.303125 0.0154296875 0.05625
2 0.33046875 0.440625 0.0263671875 0.074609375
2 0.5265625 0.50625 0.01875 0.0779296875
2 0.8640625 0.42421875 0.0216796875 0.0736328125
2 0.4609375 0.38984375 0.0185546875 0.0625
2 0.67421875 0.32109375 0.0205078125 0.0544921875
3 0.340625 0.284375 0.0060546875 0.009375