1 0.11328125 0.16015625 0.0107421875 0.0482421875
2 0.56484375 0.19609375 0.0125 0.0544921875
2 0.2171875 0.18359375 0.016015625 0.0421875
2 0.30625 0.2296875 0.009375 0.0560546875
2 0.28046875 0.26328125 0.0111328125 0.0576171875
2 0.06875 0.2609375 0.0126953125 0.065234375
2 0.428125 0.23671875 0.012109375 0.0578125
2 0.4671875 0.26875 0.0154296875 0.0626953125
2 0.0546875 0.325 0.015234375 0.069140625
2 0.17421875 0.2921875 0.0125 0.0654296875
2 0.5453125 0.25859375 0.0126953125 0.0578125
2 0.0328125 0.3640625 0.015625 0.077734375
2 0.2578125 0.3421875 0.015625 0.066015625
1 0.1703125 0.3578125 0.015625 0.0783203125
2 0.79140625 0.4796875 0.0140625 0.0876953125
2 0.00390625 0.4125 0.0078125 0.087109375
2 0.5046875 0.3453125 0.015625 0.0720703125
0 0.89375 0.29375 0.015625 0.0654296875
2 0.0921875 0.42734375 0.0126953125 0.0767578125
2 0.4109375 0.42265625 0.0185546875 0.0794921875
2 0.31484375 0.7328125 0.0203125 0.1126953125
2 0.021875 0.54765625 0.0220703125 0.0951171875
3 0.5421875 0.28125 0.00625 0.0125
2 0.3015625 0.16328125 0.009765625 0.0484375