2 0.80546875 0.44453125 0.0111328125 0.0546875
2 0.64375 0.3453125 0.0091796875 0.040234375
2 0.76328125 0.4765625 0.0111328125 0.05625
0 0.0078125 0.40546875 0.0154296875 0.0515625
2 0.50859375 0.46875 0.0125 0.059375
2 0.5375 0.396875 0.0091796875 0.049609375
1 0.58046875 0.4640625 0.0125 0.0591796875
2 0.6828125 0.5625 0.0123046875 0.0658203125
2 0.73359375 0.5453125 0.0201171875 0.0658203125
2 0.30234375 0.3453125 0.0080078125 0.046484375
2 0.9109375 0.52734375 0.015625 0.0638671875
2 0.8890625 0.546875 0.0154296875 0.0689453125
2 0.71484375 0.47109375 0.0111328125 0.0546875
2 0.4515625 0.4875 0.015625 0.05625
2 0.85859375 0.67734375 0.0171875 0.0794921875
2 0.81484375 0.76328125 0.0173828125 0.0921875
2 0.91640625 0.63515625 0.0173828125 0.0767578125
2 0.49296875 0.575 0.0173828125 0.06875
2 0.55 0.8171875 0.019140625 0.096875
1 0.90234375 0.34609375 0.0140625 0.0455078125
2 0.8890625 0.4578125 0.0185546875 0.0626953125
2 0.78515625 0.375 0.0169921875 0.050390625