2 0.4453125 0.1796875 0.0154296875 0.0408203125
2 0.32578125 0.24921875 0.0138671875 0.053125
2 0.3125 0.2984375 0.012109375 0.059765625
2 0.1484375 0.35078125 0.0216796875 0.0701171875
2 0.75625 0.2484375 0.0185546875 0.05625
2 0.22421875 0.40390625 0.0294921875 0.0673828125
2 0.53671875 0.25390625 0.0109375 0.0548828125
2 0.190625 0.27109375 0.0185546875 0.0607421875
2 0.5109375 0.32578125 0.015234375 0.0671875
2 0.5 0.3296875 0.012890625 0.0658203125
2 0.27578125 0.29609375 0.01875 0.05625
2 0.14765625 0.3921875 0.0171875 0.0783203125
2 0.26171875 0.375 0.0142578125 0.071875
2 0.24921875 0.43515625 0.0236328125 0.0736328125
2 0.46484375 0.44375 0.0169921875 0.0779296875
2 0.93984375 0.46171875 0.0203125 0.0794921875
1 0.33125 0.35390625 0.012890625 0.071875
0 0.94296875 0.3015625 0.015625 0.0625
2 0.54140625 0.72890625 0.0171875 0.1080078125
2 0.1328125 0.41640625 0.0189453125 0.078125
2 0.22421875 0.6 0.0263671875 0.096875
1 0.19296875 0.1828125 0.0111328125 0.0466796875
3 0.73828125 0.271875 0.00625 0.0123046875
2 0.33359375 0.209375 0.0125 0.049609375