2 0.71953125 0.16328125 0.0109375 0.0544921875
2 0.62109375 0.13515625 0.0140625 0.0515625
2 0.7171875 0.27109375 0.015625 0.0607421875
2 0.8765625 0.3140625 0.0158203125 0.0595703125
2 0.6359375 0.246875 0.0123046875 0.062890625
2 0.87421875 0.36796875 0.0171875 0.0798828125
2 0.31171875 0.18046875 0.0107421875 0.0576171875
2 0.56796875 0.221875 0.0109375 0.056640625
0 0.053125 0.259375 0.012890625 0.062890625
2 0.4828125 0.2890625 0.015234375 0.0716796875
2 0.45234375 0.2109375 0.0111328125 0.059375
2 0.51953125 0.29921875 0.0140625 0.0642578125
2 0.28203125 0.296875 0.0203125 0.0658203125
2 0.828125 0.25390625 0.01875 0.0625
1 0.70859375 0.32265625 0.0169921875 0.078125
2 0.86015625 0.4140625 0.0173828125 0.0873046875
2 0.503125 0.4125 0.021875 0.08125
2 0.66640625 0.33359375 0.0203125 0.0732421875
2 0.1046875 0.4203125 0.01875 0.083984375
2 0.815625 0.4453125 0.0216796875 0.078515625
2 0.83828125 0.5625 0.0326171875 0.1001953125
2 0.47421875 0.73203125 0.0296875 0.1138671875
1 0.79765625 0.1296875 0.0138671875 0.053515625
3 0.28515625 0.309375 0.00625 0.0125