1 0.75546875 0.23828125 0.0109375 0.0515625
2 0.2640625 0.2765625 0.0126953125 0.0591796875
2 0.64140625 0.2640625 0.01875 0.046484375
2 0.5453125 0.31328125 0.0095703125 0.0607421875
2 0.5734375 0.35078125 0.0125 0.0611328125
2 0.80390625 0.34765625 0.0140625 0.0701171875
2 0.4125 0.32109375 0.0123046875 0.0625
2 0.3703125 0.35625 0.0158203125 0.06875
2 0.81875 0.4171875 0.015625 0.077734375
2 0.6890625 0.38125 0.0126953125 0.0716796875
2 0.28515625 0.3453125 0.0142578125 0.0625
2 0.8421875 0.459375 0.016015625 0.0841796875
2 0.59765625 0.4359375 0.0171875 0.072265625
1 0.6921875 0.45234375 0.0158203125 0.0859375
2 0.01796875 0.5859375 0.015625 0.0966796875
2 0.87890625 0.5125 0.0173828125 0.09375
2 0.3296875 0.4390625 0.016015625 0.0783203125
2 0.77734375 0.52890625 0.0142578125 0.084375
2 0.43203125 0.5234375 0.0201171875 0.084765625
2 0.5359375 0.8609375 0.0220703125 0.122265625
2 0.85390625 0.65859375 0.025 0.103125
3 0.28828125 0.36953125 0.0076171875 0.0140625
2 0.55 0.24140625 0.0123046875 0.0517578125