2 0.375 0.2421875 0.0123046875 0.0408203125
2 0.20625 0.29140625 0.0123046875 0.046875
2 0.18984375 0.33828125 0.0109375 0.0580078125
2 0.25625 0.37265625 0.0125 0.0576171875
2 0.1125 0.35390625 0.0125 0.0611328125
2 0.24140625 0.38203125 0.0125 0.0625
2 0.74375 0.2859375 0.012109375 0.0533203125
2 0.10078125 0.4546875 0.0171875 0.071484375
2 0.478125 0.32421875 0.0125 0.0546875
0 0.9109375 0.35625 0.0154296875 0.056640625
2 0.4515625 0.41640625 0.0185546875 0.0673828125
2 0.51015625 0.4125 0.0171875 0.0685546875
2 0.2328125 0.48125 0.015625 0.0720703125
2 0.59765625 0.73828125 0.0203125 0.0984375
2 0.93671875 0.4640625 0.0142578125 0.071484375
1 0.3171875 0.4328125 0.016015625 0.0720703125
2 0.42734375 0.5265625 0.0171875 0.0783203125
2 0.1546875 0.546875 0.016015625 0.0841796875
2 0.0890625 0.546875 0.021484375 0.0845703125
2 0.05390625 0.48984375 0.0169921875 0.0798828125
2 0.259375 0.49765625 0.0220703125 0.0734375
2 0.21640625 0.69296875 0.028125 0.1015625
3 0.7859375 0.3609375 0.00625 0.015234375
1 0.12265625 0.246875 0.009375 0.046875