2 0.7171875 0.253125 0.0126953125 0.0658203125
2 0.59609375 0.21796875 0.0171875 0.0640625
2 0.7140625 0.3859375 0.01875 0.072265625
2 0.91015625 0.43828125 0.0201171875 0.0734375
2 0.6140625 0.35546875 0.015234375 0.0794921875
2 0.90703125 0.5046875 0.0205078125 0.097265625
2 0.215625 0.2734375 0.0125 0.071484375
2 0.53046875 0.32421875 0.0138671875 0.0705078125
2 0.4265625 0.4078125 0.0185546875 0.0875
2 0.38828125 0.3109375 0.0142578125 0.0720703125
2 0.47109375 0.4203125 0.0171875 0.078515625
2 0.1796875 0.4171875 0.025 0.08125
2 0.85078125 0.3640625 0.0234375 0.077734375
1 0.70390625 0.4484375 0.0201171875 0.0966796875
2 0.88984375 0.5609375 0.021875 0.10625
2 0.45078125 0.55859375 0.0265625 0.1
2 0.65234375 0.46171875 0.025 0.0890625
2 0.83515625 0.5984375 0.0263671875 0.0970703125
2 0.8625 0.74296875 0.037890625 0.1234375
2 0.415625 0.940625 0.0373046875 0.11875
1 0.81328125 0.2109375 0.0169921875 0.066015625
3 0.18359375 0.4328125 0.0078125 0.0154296875