2 0.88671875 0.3625 0.009375 0.0501953125
2 0.92421875 0.321875 0.0140625 0.05
2 0.1140625 0.4125 0.01875 0.056640625
2 0.66484375 0.29375 0.009375 0.044140625
2 0.84609375 0.3453125 0.0078125 0.0501953125
2 0.87890625 0.44921875 0.015625 0.0701171875
2 0.64296875 0.37734375 0.0125 0.0609375
2 0.43984375 0.2453125 0.009375 0.046875
0 0.2140625 0.3078125 0.009765625 0.0501953125
1 0.765625 0.3765625 0.015625 0.058984375
2 0.85 0.459375 0.0095703125 0.062890625
2 0.65625 0.38203125 0.009375 0.0578125
2 0.99453125 0.51484375 0.0107421875 0.08125
2 0.92421875 0.640625 0.0173828125 0.087109375
2 0.6171875 0.65859375 0.0158203125 0.0875
2 0.94375 0.54375 0.0126953125 0.0779296875
2 0.675 0.47734375 0.019140625 0.0671875
2 0.99375 0.34296875 0.0125 0.059375
2 0.909375 0.27421875 0.0154296875 0.053125
1 0.99140625 0.23671875 0.0125 0.0482421875
2 0.76640625 0.23359375 0.0109375 0.0419921875
3 0.15859375 0.4265625 0.00625 0.0126953125