1 0.2078125 0.20703125 0.009765625 0.0421875
2 0.37109375 0.2296875 0.0109375 0.0466796875
2 0.45078125 0.28984375 0.0109375 0.0544921875
2 0.21328125 0.30703125 0.0138671875 0.0611328125
2 0.16640625 0.35859375 0.0171875 0.0642578125
2 0.5515625 0.27421875 0.0123046875 0.0544921875
2 0.4546875 0.34296875 0.0154296875 0.0611328125
2 0.49296875 0.34296875 0.0111328125 0.0640625
2 0.284375 0.38359375 0.012890625 0.0671875
2 0.27578125 0.32734375 0.0140625 0.05625
2 0.1734375 0.39765625 0.015625 0.0732421875
2 0.1203125 0.45703125 0.0154296875 0.0796875
2 0.496875 0.403125 0.021875 0.0685546875
0 0.940625 0.328125 0.0154296875 0.0623046875
2 0.6921875 0.2703125 0.0123046875 0.0564453125
1 0.33046875 0.3640625 0.0138671875 0.0685546875
2 0.47890625 0.46484375 0.0171875 0.0767578125
2 0.18125 0.48984375 0.0216796875 0.078125
2 0.12734375 0.58515625 0.0171875 0.0861328125
2 0.92109375 0.484375 0.0173828125 0.084375
2 0.50625 0.78125 0.0248046875 0.115625
2 0.39140625 0.3046875 0.0138671875 0.059375
2 0.48828125 0.20859375 0.0140625 0.0455078125
3 0.9234375 0.34921875 0.0064453125 0.0140625