2 0.4265625 0.3390625 0.0091796875 0.041015625
2 0.690625 0.3484375 0.018359375 0.0439453125
2 0.30078125 0.40234375 0.0107421875 0.0580078125
1 0.47265625 0.40625 0.0169921875 0.0533203125
2 0.49375 0.3421875 0.0123046875 0.040625
0 0.91171875 0.328125 0.0109375 0.0404296875
2 0.7234375 0.41015625 0.016015625 0.0517578125
2 0.79765625 0.49765625 0.025 0.0642578125
2 0.23203125 0.41015625 0.0107421875 0.0607421875
1 0.97578125 0.59921875 0.0298828125 0.08125
2 0.65078125 0.4125 0.0169921875 0.055859375
2 0.5671875 0.490625 0.0125 0.068359375
2 0.78203125 0.45625 0.0171875 0.065625
2 0.378125 0.47265625 0.018359375 0.0701171875
2 0.59765625 0.49375 0.0111328125 0.0595703125
2 0.7234375 0.54765625 0.015625 0.071875
2 0.4046875 0.4859375 0.01875 0.065625
2 0.615625 0.46640625 0.012890625 0.0671875
2 0.3359375 0.64140625 0.01875 0.0888671875
2 0.1421875 0.58515625 0.0154296875 0.0794921875
2 0.41953125 0.64140625 0.0205078125 0.0892578125
2 0.6984375 0.3953125 0.016015625 0.0470703125
2 0.715625 0.35703125 0.0154296875 0.0453125
1 0.23046875 0.26171875 0.0107421875 0.0388671875