2 0.3921875 0.30078125 0.0126953125 0.0482421875
1 0.35703125 0.36875 0.0125 0.0533203125
2 0.31015625 0.32265625 0.0138671875 0.0576171875
2 0.71640625 0.42578125 0.0169921875 0.0703125
2 0.70859375 0.38515625 0.0142578125 0.0671875
2 0.609375 0.365625 0.012890625 0.0626953125
2 0.74140625 0.41640625 0.0169921875 0.0671875
2 0.0484375 0.39453125 0.015234375 0.0671875
2 0.58671875 0.3484375 0.0140625 0.0625
2 0.46796875 0.35234375 0.0142578125 0.059375
2 0.18671875 0.46015625 0.015625 0.0767578125
2 0.4859375 0.4609375 0.0185546875 0.071484375
2 0.25078125 0.44609375 0.0140625 0.0732421875
2 0.46171875 0.46015625 0.0173828125 0.071875
2 0.4296875 0.44765625 0.0251953125 0.0625
2 0.60703125 0.52109375 0.0169921875 0.0796875
2 0.03515625 0.63984375 0.0232421875 0.1044921875
2 0.21640625 0.6 0.0267578125 0.0939453125
0 0.77890625 0.30078125 0.015625 0.0609375
2 0.7375 0.390625 0.015625 0.0625
3 0.51484375 0.46484375 0.0109375 0.0203125