1 0.30234375 0.28046875 0.0076171875 0.0388671875
2 0.615625 0.2859375 0.0091796875 0.034765625
2 0.571875 0.32578125 0.0095703125 0.0482421875
2 0.421875 0.34609375 0.006640625 0.0392578125
2 0.37578125 0.30546875 0.0080078125 0.0375
2 0.4265625 0.38828125 0.0095703125 0.053125
2 0.52109375 0.3109375 0.0109375 0.0375
2 0.675 0.31484375 0.012109375 0.040625
2 0.57734375 0.346875 0.0138671875 0.044140625
2 0.2875 0.35859375 0.012109375 0.0486328125
1 0.54375 0.36484375 0.0095703125 0.0453125
2 0.68203125 0.38671875 0.0109375 0.0515625
2 0.57578125 0.4375 0.0109375 0.05625
2 0.71484375 0.378125 0.0125 0.053125
2 0.746875 0.50859375 0.012109375 0.0734375
2 0.40859375 0.4671875 0.0125 0.0654296875
2 0.37578125 0.42421875 0.0169921875 0.0580078125
1 0.98203125 0.78828125 0.0359375 0.1171875
2 0.8828125 0.7390625 0.0216796875 0.103515625
2 0.79765625 0.5703125 0.0140625 0.0751953125
2 0.77109375 0.4453125 0.0169921875 0.0685546875
2 0.19609375 0.421875 0.0111328125 0.059375
2 0.2359375 0.6125 0.0216796875 0.0876953125
3 0.296875 0.38125 0.005859375 0.012109375