2 0.41953125 0.25546875 0.009375 0.0361328125
2 0.35234375 0.24375 0.0080078125 0.031640625
2 0.50625 0.25078125 0.012890625 0.0361328125
2 0.4390625 0.2609375 0.009765625 0.034765625
1 0.41953125 0.3046875 0.0140625 0.0439453125
2 0.46015625 0.31171875 0.0142578125 0.0451171875
2 0.25078125 0.39453125 0.0203125 0.0607421875
2 0.478125 0.2765625 0.015625 0.0373046875
2 0.20625 0.2734375 0.0154296875 0.0404296875
2 0.6265625 0.303125 0.0158203125 0.0435546875
2 0.6859375 0.328125 0.0158203125 0.05
2 0.3546875 0.30390625 0.0123046875 0.0419921875
2 0.678125 0.28984375 0.0158203125 0.0486328125
0 0.9171875 0.31015625 0.021484375 0.05
2 0.671875 0.43203125 0.024609375 0.0546875
2 0.58203125 0.35859375 0.0203125 0.0544921875
2 0.49296875 0.33125 0.0169921875 0.0498046875
2 0.1421875 0.384375 0.01875 0.062890625
2 0.19140625 0.48125 0.0265625 0.05625
2 0.1515625 0.640625 0.0341796875 0.0970703125
3 0.52265625 0.2640625 0.0048828125 0.0126953125
1 0.5828125 0.22109375 0.0123046875 0.0392578125
2 0.4640625 0.2484375 0.0185546875 0.040234375
2 0.2359375 0.2625 0.0123046875 0.0439453125