2 0.3921875 0.38671875 0.008984375 0.0359375
2 0.621875 0.39453125 0.0154296875 0.0388671875
2 0.284375 0.44140625 0.0091796875 0.0513671875
1 0.43203125 0.44453125 0.0140625 0.046875
2 0.45078125 0.3890625 0.0107421875 0.0345703125
0 0.81328125 0.37734375 0.009375 0.034375
2 0.65 0.4484375 0.0154296875 0.046484375
2 0.7140625 0.52421875 0.021875 0.05625
2 0.22421875 0.4484375 0.0080078125 0.052734375
1 0.86875 0.61171875 0.025390625 0.0703125
2 0.58671875 0.45 0.0140625 0.0470703125
2 0.5140625 0.51796875 0.009765625 0.0578125
2 0.70078125 0.48828125 0.0142578125 0.0576171875
2 0.35078125 0.50234375 0.0142578125 0.0607421875
2 0.54140625 0.52109375 0.0107421875 0.0515625
2 0.65 0.5671875 0.0126953125 0.0625
2 0.3734375 0.5140625 0.0158203125 0.0564453125
2 0.55625 0.496875 0.0125 0.056640625
2 0.3140625 0.6484375 0.0158203125 0.077734375
2 0.14609375 0.59921875 0.0125 0.06875
2 0.38671875 0.64921875 0.0173828125 0.078125
2 0.628125 0.43515625 0.0154296875 0.0419921875
2 0.64296875 0.40234375 0.0125 0.0390625
1 0.22265625 0.31875 0.0080078125 0.031640625