1 0.76171875 0.32265625 0.0076171875 0.0419921875
2 0.425 0.32890625 0.009375 0.0388671875
2 0.47109375 0.37265625 0.0109375 0.0513671875
2 0.6328125 0.39375 0.0091796875 0.043359375
2 0.68203125 0.35 0.009375 0.040625
2 0.628125 0.4390625 0.012109375 0.058984375
2 0.52578125 0.35625 0.0111328125 0.040625
2 0.3609375 0.36015625 0.0123046875 0.04375
2 0.465625 0.39453125 0.012890625 0.0486328125
2 0.778125 0.4078125 0.0123046875 0.053125
1 0.5015625 0.4140625 0.009765625 0.0498046875
2 0.353125 0.4375 0.0123046875 0.0560546875
2 0.46796875 0.4921875 0.0111328125 0.059765625
2 0.31796875 0.42890625 0.0138671875 0.0578125
2 0.2828125 0.56953125 0.0123046875 0.0794921875
2 0.64765625 0.52421875 0.0140625 0.0703125
2 0.68203125 0.478125 0.0173828125 0.0625
1 0.0265625 0.87109375 0.0439453125 0.1265625
2 0.13671875 0.8171875 0.0232421875 0.1125
2 0.22890625 0.6359375 0.0142578125 0.0814453125
2 0.2578125 0.50078125 0.016015625 0.0734375
2 0.8765625 0.47578125 0.0125 0.0640625
2 0.83359375 0.68046875 0.0232421875 0.0951171875
3 0.76796875 0.43203125 0.0048828125 0.0111328125