2 0.74453125 0.16328125 0.009375 0.0359375
2 0.53515625 0.1609375 0.0111328125 0.052734375
2 0.4484375 0.2828125 0.0126953125 0.0658203125
2 0.3734375 0.16328125 0.009765625 0.04375
1 0.60859375 0.24296875 0.0080078125 0.0580078125
2 0.48046875 0.2453125 0.0109375 0.059765625
2 0.6875 0.1953125 0.0125 0.0591796875
2 0.25625 0.2109375 0.0123046875 0.059765625
2 0.46171875 0.20546875 0.009375 0.0580078125
2 0.64453125 0.2828125 0.0125 0.059765625
2 0.79296875 0.2609375 0.0107421875 0.0654296875
2 0.84453125 0.24765625 0.0109375 0.0671875
2 0.87578125 0.31328125 0.0140625 0.0765625
2 0.4390625 0.303125 0.0189453125 0.06875
2 0.16796875 0.2890625 0.0138671875 0.0716796875
2 0.85390625 0.44140625 0.0201171875 0.0953125
2 0.165625 0.44375 0.018359375 0.0845703125
2 0.81484375 0.6859375 0.040625 0.125
1 0.2921875 0.1390625 0.0126953125 0.046484375
3 0.30859375 0.215625 0.00625 0.0154296875
2 0.64609375 0.13984375 0.0125 0.0544921875