2 0.46015625 0.321875 0.0140625 0.0373046875
1 0.19140625 0.31015625 0.0109375 0.0421875
2 0.346875 0.3359375 0.012109375 0.0341796875
2 0.31484375 0.34140625 0.0173828125 0.0390625
1 0.4171875 0.390625 0.009375 0.049609375
2 0.5265625 0.35078125 0.009765625 0.0451171875
2 0.325 0.3640625 0.012890625 0.0466796875
2 0.36640625 0.40703125 0.0142578125 0.0544921875
2 0.54921875 0.35 0.009375 0.0470703125
2 0.21484375 0.3828125 0.0125 0.053125
2 0.46328125 0.4 0.0111328125 0.0501953125
0 0.996875 0.40234375 0.00625 0.0578125
2 0.0796875 0.3953125 0.0123046875 0.053515625
2 0.09765625 0.475 0.0173828125 0.0654296875
2 0.6109375 0.4953125 0.015234375 0.06875
2 0.36171875 0.4453125 0.0140625 0.059375
2 0.340625 0.459375 0.0158203125 0.0654296875
2 0.65625 0.46875 0.0126953125 0.06875
2 0.63984375 0.56484375 0.0203125 0.071875
2 0.1765625 0.66484375 0.0220703125 0.0923828125
2 0.825 0.78125 0.0248046875 0.1123046875
2 0.3234375 0.340625 0.0125 0.0404296875
3 0.3375 0.32890625 0.0060546875 0.009375
2 0.4296875 0.31953125 0.0125 0.040625
1 0.875 0.86875 0.037109375 0.1251953125