2 0.53046875 0.30703125 0.0125 0.0330078125
1 0.284375 0.29609375 0.0095703125 0.0388671875
2 0.4265625 0.31953125 0.0095703125 0.0298828125
2 0.396875 0.325 0.0158203125 0.037109375
1 0.49140625 0.3703125 0.0080078125 0.0439453125
2 0.59140625 0.33359375 0.0107421875 0.040625
2 0.40703125 0.3453125 0.0125 0.041015625
2 0.4453125 0.38515625 0.0126953125 0.0486328125
2 0.6125 0.3328125 0.0091796875 0.04375
2 0.30625 0.36328125 0.012109375 0.0484375
2 0.53359375 0.37890625 0.0109375 0.0455078125
2 0.18203125 0.37421875 0.0109375 0.0513671875
2 0.1984375 0.44765625 0.0158203125 0.059375
2 0.66953125 0.46640625 0.0125 0.0638671875
2 0.440625 0.4203125 0.0125 0.053515625
2 0.42109375 0.4328125 0.0142578125 0.059375
2 0.7109375 0.44140625 0.0125 0.0638671875
2 0.6953125 0.53046875 0.01875 0.0669921875
2 0.27109375 0.621875 0.0203125 0.0845703125
2 0.86484375 0.728125 0.021875 0.103125
2 0.40546875 0.32421875 0.0111328125 0.0361328125
3 0.41796875 0.3140625 0.0046875 0.0091796875
2 0.503125 0.3046875 0.0123046875 0.0375
1 0.9109375 0.80859375 0.033984375 0.115625