2 0.69453125 0.30390625 0.0078125 0.0296875
2 0.52421875 0.3015625 0.0107421875 0.041015625
2 0.45234375 0.40234375 0.0109375 0.0546875
2 0.390625 0.30390625 0.0091796875 0.0359375
1 0.58359375 0.36953125 0.0076171875 0.0484375
2 0.47890625 0.37109375 0.0080078125 0.05
2 0.6484375 0.33046875 0.0095703125 0.0484375
2 0.2953125 0.34296875 0.0095703125 0.05
2 0.46328125 0.33828125 0.0078125 0.0484375
2 0.6125 0.40234375 0.0095703125 0.05
2 0.734375 0.384375 0.006640625 0.053125
2 0.7765625 0.37265625 0.0091796875 0.0548828125
2 0.80234375 0.4265625 0.0111328125 0.0625
2 0.44453125 0.41875 0.0169921875 0.05625
2 0.22265625 0.40703125 0.0109375 0.0580078125
2 0.784375 0.53203125 0.0158203125 0.078125
2 0.221875 0.53359375 0.012890625 0.0701171875
2 0.75234375 0.7328125 0.0330078125 0.1029296875
1 0.325 0.284375 0.012109375 0.0373046875
3 0.33828125 0.346875 0.0048828125 0.0125
2 0.6140625 0.28515625 0.0095703125 0.04375