2 0.37890625 0.0453125 0.0125 0.047265625
2 0.4671875 0.0296875 0.009765625 0.0435546875
2 0.2640625 0.0390625 0.01875 0.047265625
2 0.353125 0.053125 0.012890625 0.046875
1 0.37890625 0.109375 0.01875 0.0591796875
2 0.32578125 0.11875 0.0201171875 0.0591796875
2 0.60078125 0.228125 0.0267578125 0.0783203125
2 0.3015625 0.07265625 0.021484375 0.0484375
2 0.65859375 0.06875 0.0201171875 0.0529296875
2 0.10703125 0.10859375 0.0205078125 0.05625
2 0.02890625 0.14140625 0.021875 0.065625
2 0.4640625 0.10859375 0.0154296875 0.0546875
2 0.0390625 0.090625 0.0216796875 0.062890625
2 0.046875 0.2765625 0.0310546875 0.071875
2 0.16484375 0.18125 0.0265625 0.0716796875
2 0.28203125 0.14453125 0.0205078125 0.0640625
2 0.74296875 0.21484375 0.025 0.084375
2 0.67890625 0.34140625 0.034375 0.0734375
2 0.73125 0.55078125 0.0439453125 0.128125
3 0.24375 0.05625 0.006640625 0.018359375
1 0.1640625 0.0125 0.015625 0.025
2 0.3203125 0.0359375 0.022265625 0.0501953125
2 0.6203125 0.0546875 0.015625 0.0591796875