2 0.51328125 0.3734375 0.009375 0.034375
1 0.4875 0.4234375 0.0091796875 0.040234375
2 0.45390625 0.38984375 0.009375 0.0419921875
2 0.74921875 0.46484375 0.0125 0.0513671875
2 0.74296875 0.43515625 0.0109375 0.0486328125
2 0.67109375 0.42109375 0.0107421875 0.0455078125
2 0.7671875 0.4578125 0.0125 0.0498046875
2 0.26328125 0.4421875 0.0107421875 0.0498046875
2 0.6546875 0.40859375 0.0095703125 0.0453125
2 0.56875 0.41171875 0.012109375 0.0423828125
2 0.2140625 0.43984375 0.0091796875 0.0486328125
2 0.3640625 0.48984375 0.0123046875 0.05625
2 0.58125 0.48984375 0.0126953125 0.0513671875
2 0.41015625 0.4796875 0.0107421875 0.053125
2 0.5640625 0.48984375 0.0126953125 0.0517578125
2 0.540625 0.48046875 0.01875 0.0453125
1 0.971875 0.57109375 0.024609375 0.0611328125
2 0.66953125 0.53359375 0.0125 0.0578125
2 0.17265625 0.5875 0.0234375 0.068359375
2 0.25390625 0.6203125 0.0169921875 0.0751953125
2 0.3859375 0.59140625 0.0189453125 0.06875
0 0.79453125 0.3734375 0.0111328125 0.0439453125
2 0.7640625 0.4390625 0.0123046875 0.046484375
3 0.603125 0.49296875 0.006640625 0.0142578125
1 0.16484375 0.32734375 0.0109375 0.0357421875