2 0.6328125 0.434375 0.016015625 0.0533203125
2 0.53359375 0.4046875 0.0201171875 0.0435546875
2 0.75390625 0.5125 0.0232421875 0.062109375
2 0.7125 0.490625 0.0154296875 0.071875
2 0.7984375 0.51484375 0.0185546875 0.05625
2 0.68203125 0.4953125 0.0138671875 0.0626953125
2 0.58046875 0.4546875 0.01875 0.0564453125
2 0.45625 0.46640625 0.012109375 0.0517578125
2 0.69453125 0.51875 0.0140625 0.0623046875
2 0.43984375 0.5234375 0.0169921875 0.066015625
2 0.103125 0.66640625 0.0158203125 0.0890625
2 0.196875 0.4828125 0.0123046875 0.0626953125
2 0.09140625 0.66484375 0.0140625 0.0890625
2 0.5265625 0.54453125 0.01875 0.071875
2 0.75234375 0.58125 0.0125 0.0720703125
2 0.1421875 0.48515625 0.0189453125 0.065625
2 0.346875 0.5453125 0.024609375 0.0748046875
2 0.29375 0.65703125 0.018359375 0.0921875
3 0.74140625 0.4015625 0.0078125 0.015625
0 0.81015625 0.40625 0.021875 0.05625
2 0.7546875 0.49296875 0.022265625 0.0513671875
2 0.6921875 0.46171875 0.015625 0.05625
2 0.45703125 0.43671875 0.0171875 0.0484375
1 0.03359375 0.3390625 0.0107421875 0.04375