2 0.44765625 0.171875 0.0169921875 0.0560546875
2 0.48515625 0.1703125 0.0171875 0.0560546875
1 0.41640625 0.2140625 0.0171875 0.0595703125
2 0.63828125 0.20546875 0.0142578125 0.0640625
2 0.8265625 0.309375 0.015234375 0.0779296875
2 0.2796875 0.2140625 0.0125 0.0626953125
2 0.23671875 0.2109375 0.0142578125 0.065625
2 0.7796875 0.225 0.0125 0.068359375
2 0.55625 0.24609375 0.015625 0.0701171875
2 0.3609375 0.27265625 0.0154296875 0.0673828125
2 0.60390625 0.303125 0.015625 0.0751953125
2 0.13828125 0.30703125 0.0173828125 0.084375
2 0.56640625 0.3265625 0.0169921875 0.084375
2 0.7421875 0.57421875 0.021484375 0.1171875
2 0.18125 0.37109375 0.021875 0.0921875
2 0.075 0.46640625 0.021875 0.0923828125
1 0.7234375 0.1171875 0.0123046875 0.05
2 0.6265625 0.15546875 0.015625 0.0484375
2 0.5921875 0.1546875 0.021875 0.0529296875
3 0.52265625 0.1859375 0.00625 0.015234375
2 0.35 0.115625 0.01875 0.0529296875
2 0.2875 0.13984375 0.01875 0.0515625