2 0.72734375 0.40625 0.0140625 0.0439453125
2 0.64453125 0.38125 0.0169921875 0.037109375
2 0.82890625 0.471875 0.01875 0.0501953125
2 0.79375 0.45390625 0.0125 0.0607421875
2 0.865625 0.4734375 0.0154296875 0.046875
2 0.76875 0.45703125 0.012109375 0.053125
2 0.68359375 0.4234375 0.015625 0.0470703125
2 0.5796875 0.43359375 0.009375 0.04375
2 0.77890625 0.47734375 0.0111328125 0.0515625
2 0.565625 0.48125 0.012890625 0.05625
2 0.284375 0.6 0.012890625 0.0748046875
2 0.3625 0.446875 0.009375 0.053125
2 0.27421875 0.59921875 0.0111328125 0.0736328125
2 0.63828125 0.4984375 0.015625 0.0595703125
2 0.82734375 0.5296875 0.0107421875 0.059765625
2 0.31640625 0.44921875 0.0169921875 0.0546875
2 0.48828125 0.49921875 0.0201171875 0.0625
2 0.44375 0.59296875 0.012890625 0.0767578125
3 0.81796875 0.37890625 0.00625 0.0138671875
0 0.87578125 0.3828125 0.0173828125 0.046875
2 0.82890625 0.45546875 0.0201171875 0.0423828125
2 0.7765625 0.42890625 0.0126953125 0.046875
2 0.58046875 0.40859375 0.0140625 0.040625
1 0.22578125 0.3265625 0.0080078125 0.0373046875