2 0.50625 0.265625 0.0126953125 0.0439453125
2 0.53671875 0.2640625 0.0138671875 0.0439453125
1 0.48125 0.29921875 0.0126953125 0.0484375
2 0.659375 0.2921875 0.0123046875 0.052734375
2 0.81171875 0.37578125 0.0109375 0.0625
2 0.37109375 0.29921875 0.0107421875 0.0513671875
2 0.33671875 0.296875 0.0111328125 0.053125
2 0.77421875 0.3078125 0.0107421875 0.0533203125
2 0.59375 0.325 0.0125 0.05625
2 0.43671875 0.346875 0.0111328125 0.055859375
2 0.63203125 0.37109375 0.0125 0.0609375
2 0.25703125 0.37421875 0.0140625 0.0673828125
2 0.60234375 0.38984375 0.0138671875 0.0673828125
2 0.74375 0.5890625 0.0158203125 0.09375
2 0.2921875 0.42578125 0.0185546875 0.0736328125
2 0.20703125 0.50234375 0.0173828125 0.075
2 0.1078125 0.69140625 0.0251953125 0.1111328125
1 0.01015625 0.74453125 0.0203125 0.1140625
1 0.72890625 0.22109375 0.009375 0.0392578125
2 0.65078125 0.25234375 0.0125 0.0390625
2 0.62265625 0.2515625 0.0173828125 0.041015625
3 0.5671875 0.2765625 0.0060546875 0.0123046875
2 0.428125 0.21953125 0.0154296875 0.0421875
2 0.37734375 0.2390625 0.0142578125 0.0408203125